//NbTournees
17
//IdTournes NbColis
1 6
//IdColis IdCommandeInColis NbProducts IdProd1 QtyProd1 IdProd2 QtyProd2 ...
1 5 38 2 1 2 1 8 1 14 1 22 1 24 1 24 1 25 1 32 1 40 1 43 1 44 1 49 1 51 1 56 1 57 1 58 1 59 1 62 1 74 1 77 1 78 1 80 1 82 1 90 1 91 1 92 1 93 1 97 1 100 1 102 1 106 1 106 1 107 1 113 1 119 1 120 1 127 1
2 4 38 2 1 2 1 9 1 11 1 15 1 17 1 18 1 21 1 21 1 24 1 28 1 30 1 31 1 34 1 41 1 41 1 43 1 43 1 52 1 58 1 60 1 62 1 64 1 68 1 71 1 75 1 78 1 80 1 81 1 86 1 101 1 91 1 105 1 93 1 106 1 108 1 108 1 111 1
3 3 40 2 1 2 1 4 1 6 1 13 1 16 1 19 1 22 1 22 1 25 1 38 1 39 1 47 1 50 1 53 1 55 1 58 1 59 1 61 1 63 1 63 1 69 1 75 1 76 1 78 1 80 1 84 1 87 1 89 1 94 1 95 1 96 1 98 1 98 1 100 1 104 1 105 1 110 1 118 1 120 1
4 6 40 2 1 2 1 5 1 8 1 15 1 21 1 25 1 26 1 27 1 28 1 31 1 33 1 34 1 36 1 37 1 43 1 43 1 44 1 44 1 48 1 55 1 56 1 59 1 59 1 61 1 62 1 63 1 65 1 79 1 100 1 100 1 91 1 104 1 94 1 106 1 106 1 116 1 119 1 120 1 121 1
5 2 41 1 1 3 1 10 1 12 1 17 1 17 1 17 1 20 1 23 1 27 1 30 1 30 1 40 1 40 1 44 1 45 1 46 1 46 1 50 1 51 1 56 1 70 1 72 1 82 1 83 1 87 1 106 1 106 1 106 1 90 1 90 1 114 1 93 1 93 1 115 1 95 1 116 1 99 1 99 1 118 1 216 1
6 9 37 2 1 2 1 4 1 4 1 5 1 11 1 15 1 17 1 33 1 141 1 141 1 37 1 40 1 40 1 43 1 47 1 48 1 49 1 64 1 68 1 80 1 80 1 158 1 86 1 86 1 89 1 164 1 93 1 93 1 96 1 97 1 105 1 106 1 106 1 106 1 120 1 121 1
//IdTournes NbColis
2 6
//IdColis IdCommandeInColis NbProducts IdProd1 QtyProd1 IdProd2 QtyProd2 ...
7 5 64 127 1 434 1 434 1 182 1 260 1 183 1 261 1 190 1 448 1 200 1 200 1 290 1 201 1 291 1 291 1 203 1 294 1 207 1 207 1 295 1 213 1 581 1 223 1 223 1 223 1 298 1 298 1 232 1 299 1 299 1 299 1 235 1 303 1 236 1 305 1 305 1 237 1 308 1 308 1 308 1 240 1 310 1 310 1 241 1 317 1 244 1 244 1 320 1 246 1 325 1 247 1 247 1 331 1 248 1 462 1 462 1 250 1 335 1 256 1 465 1 257 1 343 1 275 1 275 1
8 10 38 2 1 4 1 9 1 11 1 12 1 17 1 135 1 23 1 136 1 25 1 25 1 137 1 137 1 42 1 42 1 140 1 43 1 141 1 56 1 144 1 63 1 145 1 66 1 77 1 84 1 166 1 92 1 168 1 98 1 99 1 99 1 170 1 106 1 111 1 118 1 121 1 124 1 257 1
9 8 44 2 1 2 1 128 1 11 1 19 1 134 1 134 1 24 1 25 1 26 1 139 1 31 1 32 1 142 1 43 1 146 1 54 1 57 1 149 1 63 1 63 1 151 1 69 1 153 1 84 1 159 1 86 1 160 1 87 1 87 1 162 1 90 1 163 1 92 1 164 1 93 1 166 1 94 1 169 1 121 1 192 1 127 1 194 1 178 1
10 1 44 1 1 2 1 2 1 7 1 10 1 11 1 15 1 22 1 24 1 28 1 29 1 30 1 32 1 35 1 42 1 43 1 43 1 46 1 51 1 51 1 54 1 66 1 67 1 73 1 77 1 82 1 85 1 88 1 97 1 99 1 103 1 106 1 106 1 108 1 109 1 112 1 114 1 118 1 120 1 121 1 125 1 126 1 126 1 251 1
11 7 42 2 1 2 1 9 1 131 1 25 1 132 1 26 1 26 1 133 1 30 1 37 1 42 1 42 1 46 1 48 1 147 1 71 1 148 1 75 1 152 1 86 1 154 1 99 1 99 1 165 1 106 1 106 1 106 1 166 1 109 1 170 1 121 1 172 1 127 1 175 1 179 1 196 1 434 1 200 1 200 1 261 1 202 1
12 5 62 275 1 275 1 468 1 276 1 350 1 350 1 279 1 354 1 354 1 283 1 509 1 509 1 285 1 285 1 356 1 593 1 364 1 364 1 595 1 371 1 565 1 377 1 377 1 381 1 602 1 394 1 394 1 514 1 396 1 535 1 535 1 417 1 515 1 421 1 481 1 426 1 539 1 430 1 516 1 436 1 487 1 440 1 540 1 441 1 603 1 447 1 527 1 527 1 553 1 553 1 604 1 605 1 608 1 609 1 675 1 676 1 677 1 682 1 777 1 713 1 782 1 749 1
//IdTournes NbColis
3 6
//IdColis IdCommandeInColis NbProducts IdProd1 QtyProd1 IdProd2 QtyProd2 ...
13 11 39 2 1 129 1 15 1 130 1 18 1 134 1 43 1 136 1 51 1 138 1 82 1 141 1 95 1 143 1 120 1 148 1 125 1 155 1 156 1 157 1 160 1 166 1 167 1 171 1 173 1 174 1 178 1 180 1 181 1 182 1 187 1 188 1 189 1 191 1 193 1 195 1 197 1 490 1 250 1
14 23 44 207 1 2 1 2 1 477 1 3 1 213 1 12 1 478 1 15 1 15 1 216 1 216 1 17 1 479 1 479 1 18 1 219 1 26 1 132 1 32 1 416 1 416 1 38 1 38 1 221 1 41 1 483 1 42 1 240 1 51 1 148 1 59 1 59 1 421 1 62 1 241 1 71 1 152 1 77 1 423 1 82 1 153 1 86 1 109 1
15 12 44 2 1 8 1 9 1 12 1 24 1 141 1 40 1 43 1 46 1 150 1 75 1 152 1 80 1 85 1 85 1 87 1 161 1 91 1 92 1 92 1 100 1 172 1 172 1 106 1 111 1 111 1 121 1 176 1 123 1 177 1 182 1 182 1 183 1 184 1 185 1 186 1 189 1 190 1 190 1 197 1 198 1 411 1 205 1 225 1
16 20 9 691 1 666 1 698 1 681 1 700 1 703 1 712 1 714 1 715 1
17 28 46 519 1 2 1 2 1 241 1 12 1 427 1 18 1 242 1 26 1 134 1 28 1 243 1 31 1 244 1 244 1 43 1 43 1 140 1 44 1 248 1 51 1 146 1 52 1 256 1 56 1 257 1 257 1 58 1 260 1 73 1 261 1 76 1 262 1 77 1 527 1 85 1 156 1 100 1 282 1 109 1 168 1 120 1 284 1 127 1 192 1 287 1
18 26 14 714 1 728 1 729 1 730 1 731 1 732 1 734 1 739 1 740 1 745 1 746 1 747 1 748 1 750 1
//IdTournes NbColis
4 6
//IdColis IdCommandeInColis NbProducts IdProd1 QtyProd1 IdProd2 QtyProd2 ...
19 7 12 675 1 675 1 675 1 792 1 677 1 677 1 772 1 712 1 743 1 774 1 750 1 780 1
20 19 51 200 1 200 1 2 1 2 1 412 1 9 1 205 1 205 1 10 1 10 1 414 1 13 1 13 1 215 1 15 1 415 1 415 1 27 1 134 1 51 1 221 1 55 1 140 1 66 1 224 1 224 1 80 1 228 1 84 1 230 1 87 1 236 1 91 1 237 1 93 1 424 1 105 1 244 1 244 1 119 1 425 1 177 1 248 1 248 1 182 1 182 1 427 1 427 1 189 1 251 1 190 1
21 13 56 199 1 2 1 200 1 11 1 130 1 13 1 202 1 14 1 205 1 24 1 206 1 30 1 210 1 43 1 43 1 144 1 48 1 221 1 71 1 227 1 72 1 233 1 73 1 234 1 77 1 240 1 80 1 251 1 251 1 111 1 160 1 160 1 114 1 252 1 118 1 168 1 119 1 254 1 254 1 120 1 169 1 256 1 174 1 258 1 182 1 259 1 183 1 261 1 261 1 192 1 265 1 265 1 267 1 269 1 277 1 285 1
22 23 13 735 1 684 1 684 1 760 1 745 1 761 1 747 1 770 1 771 1 773 1 775 1 777 1 779 1
23 29 50 427 1 2 1 238 1 4 1 520 1 9 1 240 1 15 1 241 1 16 1 243 1 26 1 26 1 244 1 42 1 140 1 49 1 431 1 56 1 249 1 57 1 489 1 59 1 251 1 77 1 153 1 91 1 254 1 105 1 166 1 106 1 260 1 260 1 116 1 170 1 124 1 268 1 172 1 270 1 175 1 523 1 192 1 274 1 197 1 524 1 198 1 276 1 200 1 525 1 417 1
24 7 66 264 1 203 1 435 1 205 1 205 1 205 1 268 1 268 1 268 1 207 1 289 1 289 1 289 1 289 1 211 1 291 1 291 1 216 1 295 1 295 1 220 1 582 1 582 1 223 1 223 1 302 1 225 1 465 1 233 1 304 1 304 1 234 1 568 1 568 1 243 1 305 1 305 1 244 1 244 1 517 1 245 1 306 1 306 1 306 1 246 1 246 1 543 1 543 1 249 1 313 1 250 1 316 1 255 1 503 1 256 1 322 1 257 1 561 1 259 1 335 1 271 1 588 1 588 1 272 1 341 1 273 1
//IdTournes NbColis
5 6
//IdColis IdCommandeInColis NbProducts IdProd1 QtyProd1 IdProd2 QtyProd2 ...
25 20 55 201 1 2 1 2 1 205 1 14 1 209 1 15 1 416 1 17 1 219 1 21 1 223 1 22 1 421 1 29 1 136 1 43 1 242 1 46 1 143 1 59 1 422 1 77 1 244 1 88 1 423 1 93 1 245 1 106 1 427 1 427 1 109 1 248 1 111 1 429 1 120 1 120 1 250 1 121 1 121 1 431 1 126 1 178 1 127 1 251 1 252 1 257 1 257 1 257 1 435 1 268 1 437 1 275 1 439 1 276 1
26 1 69 248 1 248 1 248 1 182 1 431 1 190 1 249 1 249 1 200 1 200 1 200 1 201 1 252 1 209 1 254 1 254 1 210 1 438 1 438 1 438 1 211 1 256 1 212 1 275 1 275 1 275 1 275 1 275 1 275 1 218 1 257 1 257 1 257 1 257 1 223 1 223 1 509 1 228 1 258 1 231 1 358 1 233 1 265 1 234 1 532 1 237 1 267 1 267 1 238 1 238 1 360 1 241 1 241 1 287 1 243 1 243 1 534 1 534 1 244 1 289 1 246 1 361 1 247 1 247 1 291 1 291 1 291 1 281 1 362 1
27 14 56 199 1 2 1 2 1 213 1 4 1 214 1 7 1 217 1 217 1 12 1 219 1 21 1 221 1 25 1 224 1 30 1 231 1 32 1 235 1 34 1 239 1 37 1 243 1 42 1 42 1 144 1 43 1 244 1 244 1 56 1 245 1 77 1 153 1 94 1 246 1 246 1 111 1 247 1 123 1 174 1 127 1 255 1 183 1 257 1 257 1 261 1 265 1 270 1 274 1 274 1 275 1 279 1 279 1 284 1 287 1 288 1
28 25 53 416 1 416 1 2 1 2 1 223 1 223 1 27 1 241 1 28 1 242 1 44 1 140 1 140 1 62 1 62 1 243 1 63 1 429 1 429 1 80 1 154 1 91 1 91 1 255 1 255 1 98 1 166 1 106 1 106 1 433 1 111 1 111 1 261 1 178 1 434 1 200 1 200 1 265 1 265 1 202 1 436 1 205 1 269 1 208 1 270 1 210 1 438 1 211 1 211 1 275 1 275 1 233 1 233 1
29 22 52 203 1 2 1 2 1 210 1 18 1 212 1 22 1 214 1 24 1 215 1 26 1 222 1 28 1 223 1 223 1 223 1 46 1 228 1 228 1 51 1 229 1 57 1 427 1 427 1 427 1 99 1 154 1 112 1 240 1 114 1 156 1 116 1 242 1 242 1 242 1 168 1 428 1 171 1 243 1 243 1 172 1 245 1 245 1 245 1 182 1 246 1 248 1 431 1 431 1 431 1 249 1 249 1
30 2 12 765 1 765 1 681 1 744 1 683 1 769 1 717 1 717 1 717 1 774 1 749 1 749 1
//IdTournes NbColis
6 6
//IdColis IdCommandeInColis NbProducts IdProd1 QtyProd1 IdProd2 QtyProd2 ...
31 24 52 416 1 416 1 13 1 222 1 16 1 417 1 30 1 240 1 240 1 34 1 427 1 427 1 46 1 242 1 242 1 51 1 243 1 58 1 430 1 59 1 244 1 244 1 244 1 68 1 151 1 75 1 431 1 77 1 260 1 88 1 433 1 91 1 261 1 97 1 434 1 106 1 106 1 170 1 109 1 265 1 110 1 436 1 119 1 119 1 267 1 121 1 269 1 269 1 269 1 186 1 438 1 190 1
32 27 49 219 1 7 1 481 1 15 1 130 1 31 1 221 1 43 1 482 1 62 1 242 1 67 1 427 1 76 1 243 1 97 1 160 1 99 1 485 1 126 1 161 1 245 1 245 1 165 1 248 1 170 1 253 1 174 1 254 1 254 1 176 1 257 1 257 1 180 1 260 1 181 1 263 1 187 1 436 1 188 1 268 1 195 1 273 1 273 1 206 1 275 1 210 1 277 1 215 1
33 31 10 695 1 768 1 710 1 743 1 714 1 780 1 717 1 782 1 785 1 786 1
34 2 60 117 1 117 1 102 1 119 1 120 1 120 1 122 1 123 1 124 1 211 1 162 1 213 1 169 1 177 1 416 1 416 1 179 1 219 1 199 1 417 1 200 1 200 1 221 1 201 1 201 1 418 1 209 1 209 1 209 1 223 1 223 1 223 1 226 1 228 1 419 1 234 1 421 1 236 1 238 1 237 1 427 1 240 1 430 1 244 1 244 1 244 1 244 1 245 1 246 1 488 1 250 1 251 1 251 1 252 1 255 1 257 1 257 1 259 1 259 1 263 1
35 23 52 109 1 91 1 243 1 92 1 111 1 111 1 111 1 104 1 104 1 484 1 117 1 244 1 120 1 427 1 427 1 124 1 245 1 161 1 161 1 429 1 168 1 246 1 246 1 246 1 177 1 488 1 178 1 249 1 179 1 431 1 182 1 182 1 182 1 253 1 196 1 275 1 275 1 275 1 275 1 200 1 200 1 254 1 201 1 201 1 489 1 489 1 203 1 203 1 257 1 257 1 257 1 205 1
36 7 63 467 1 275 1 343 1 278 1 348 1 279 1 349 1 282 1 470 1 283 1 283 1 354 1 285 1 509 1 361 1 617 1 365 1 365 1 365 1 534 1 367 1 368 1 370 1 370 1 371 1 371 1 373 1 623 1 381 1 474 1 392 1 511 1 395 1 513 1 398 1 626 1 400 1 400 1 546 1 401 1 547 1 547 1 403 1 548 1 404 1 404 1 549 1 405 1 635 1 408 1 408 1 476 1 409 1 410 1 555 1 421 1 519 1 441 1 441 1 488 1 705 1 524 1 556 1
//IdTournes NbColis
7 6
//IdColis IdCommandeInColis NbProducts IdProd1 QtyProd1 IdProd2 QtyProd2 ...
37 15 54 200 1 1 1 201 1 2 1 2 1 206 1 4 1 208 1 8 1 211 1 13 1 215 1 61 1 145 1 62 1 220 1 69 1 223 1 71 1 226 1 90 1 230 1 94 1 236 1 102 1 238 1 105 1 243 1 107 1 244 1 175 1 249 1 257 1 259 1 261 1 263 1 271 1 272 1 275 1 276 1 285 1 287 1 288 1 291 1 291 1 299 1 305 1 306 1 316 1 328 1 329 1 329 1 332 1 335 1
38 17 62 200 1 2 1 2 1 204 1 37 1 143 1 41 1 207 1 56 1 209 1 75 1 216 1 77 1 218 1 89 1 222 1 101 1 164 1 118 1 228 1 120 1 235 1 121 1 237 1 126 1 178 1 127 1 240 1 198 1 241 1 246 1 247 1 248 1 248 1 248 1 250 1 250 1 253 1 254 1 254 1 254 1 255 1 257 1 258 1 263 1 268 1 279 1 279 1 280 1 287 1 289 1 289 1 293 1 294 1 296 1 299 1 306 1 307 1 313 1 313 1 315 1 318 1
39 4 74 111 1 119 1 120 1 202 1 202 1 178 1 412 1 186 1 204 1 205 1 205 1 205 1 415 1 210 1 216 1 216 1 219 1 228 1 228 1 229 1 419 1 234 1 421 1 237 1 237 1 426 1 243 1 243 1 243 1 430 1 430 1 244 1 249 1 252 1 253 1 259 1 434 1 260 1 264 1 265 1 270 1 271 1 272 1 275 1 275 1 275 1 275 1 441 1 277 1 281 1 285 1 285 1 285 1 289 1 294 1 298 1 453 1 301 1 305 1 305 1 305 1 306 1 318 1 318 1 321 1 322 1 322 1 326 1 459 1 333 1 333 1 461 1 343 1 379 1
40 18 66 200 1 2 1 202 1 30 1 204 1 37 1 210 1 40 1 224 1 224 1 43 1 43 1 230 1 62 1 62 1 236 1 236 1 76 1 237 1 98 1 241 1 241 1 109 1 170 1 242 1 174 1 243 1 192 1 244 1 244 1 196 1 246 1 246 1 251 1 255 1 260 1 262 1 264 1 267 1 268 1 272 1 273 1 275 1 276 1 277 1 281 1 282 1 285 1 285 1 287 1 289 1 292 1 292 1 296 1 299 1 300 1 301 1 301 1 303 1 303 1 305 1 309 1 311 1 312 1 312 1 321 1
41 34 48 11 1 132 1 27 1 146 1 91 1 153 1 663 1 173 1 764 1 180 1 767 1 181 1 674 1 187 1 772 1 188 1 744 1 195 1 775 1 200 1 746 1 225 1 413 1 233 1 778 1 243 1 421 1 246 1 246 1 267 1 275 1 282 1 300 1 305 1 306 1 306 1 311 1 787 1 315 1 335 1 470 1 353 1 367 1 373 1 788 1 391 1 393 1 789 1
42 21 64 202 1 2 1 412 1 26 1 204 1 30 1 413 1 40 1 205 1 43 1 43 1 417 1 417 1 71 1 228 1 86 1 418 1 110 1 168 1 121 1 236 1 177 1 427 1 182 1 241 1 183 1 246 1 184 1 254 1 257 1 257 1 259 1 259 1 260 1 261 1 265 1 267 1 273 1 275 1 276 1 440 1 285 1 444 1 287 1 289 1 449 1 291 1 295 1 298 1 298 1 451 1 305 1 307 1 311 1 315 1 316 1 322 1 458 1 327 1 329 1 329 1 460 1 351 1 353 1
//IdTournes NbColis
8 6
//IdColis IdCommandeInColis NbProducts IdProd1 QtyProd1 IdProd2 QtyProd2 ...
43 1 47 365 1 365 1 365 1 365 1 560 1 560 1 369 1 562 1 370 1 563 1 371 1 371 1 371 1 564 1 373 1 378 1 378 1 378 1 474 1 385 1 674 1 416 1 416 1 416 1 675 1 675 1 675 1 417 1 417 1 677 1 677 1 418 1 773 1 419 1 683 1 683 1 426 1 706 1 430 1 712 1 496 1 521 1 714 1 805 1 805 1 717 1 749 1
44 31 56 322 1 7 1 325 1 30 1 133 1 38 1 348 1 43 1 144 1 47 1 509 1 509 1 53 1 145 1 56 1 56 1 364 1 73 1 148 1 92 1 367 1 100 1 370 1 182 1 374 1 190 1 566 1 200 1 383 1 202 1 516 1 221 1 401 1 222 1 545 1 230 1 408 1 243 1 607 1 244 1 424 1 256 1 256 1 477 1 268 1 577 1 577 1 311 1 451 1 314 1 751 1 463 1 674 1 691 1 755 1 749 1
45 26 63 217 1 2 1 480 1 75 1 224 1 224 1 77 1 417 1 118 1 225 1 225 1 174 1 486 1 180 1 245 1 245 1 181 1 429 1 183 1 249 1 184 1 487 1 185 1 250 1 187 1 490 1 188 1 259 1 195 1 491 1 197 1 260 1 198 1 262 1 201 1 492 1 492 1 209 1 276 1 211 1 441 1 215 1 280 1 234 1 442 1 282 1 498 1 287 1 448 1 295 1 453 1 304 1 304 1 304 1 305 1 305 1 311 1 502 1 316 1 316 1 503 1 503 1 332 1
46 6 65 119 1 124 1 247 1 127 1 183 1 248 1 248 1 184 1 249 1 197 1 252 1 252 1 200 1 200 1 254 1 205 1 255 1 211 1 257 1 257 1 212 1 212 1 258 1 213 1 259 1 221 1 437 1 223 1 223 1 261 1 224 1 275 1 226 1 262 1 262 1 228 1 522 1 237 1 264 1 264 1 238 1 434 1 240 1 240 1 265 1 241 1 241 1 440 1 244 1 244 1 244 1 244 1 268 1 268 1 268 1 435 1 277 1 287 1 283 1 441 1 284 1 284 1 284 1 288 1 536 1
47 8 69 178 1 197 1 243 1 200 1 429 1 205 1 205 1 205 1 205 1 246 1 246 1 246 1 246 1 207 1 430 1 430 1 209 1 247 1 247 1 210 1 210 1 210 1 521 1 212 1 248 1 248 1 248 1 248 1 214 1 214 1 249 1 216 1 216 1 432 1 432 1 432 1 219 1 255 1 221 1 256 1 223 1 260 1 260 1 225 1 261 1 228 1 262 1 233 1 265 1 265 1 265 1 265 1 265 1 265 1 235 1 268 1 268 1 268 1 268 1 268 1 236 1 236 1 236 1 236 1 438 1 240 1 273 1 241 1 552 1
48 30 63 583 1 2 1 2 1 305 1 11 1 315 1 12 1 318 1 37 1 136 1 55 1 321 1 321 1 59 1 326 1 326 1 94 1 328 1 99 1 169 1 111 1 111 1 563 1 124 1 343 1 125 1 125 1 533 1 212 1 360 1 214 1 593 1 221 1 362 1 222 1 367 1 223 1 370 1 370 1 228 1 379 1 234 1 389 1 247 1 390 1 250 1 391 1 255 1 627 1 627 1 258 1 408 1 259 1 536 1 269 1 416 1 279 1 546 1 285 1 285 1 285 1 427 1 299 1
//IdTournes NbColis
9 6
//IdColis IdCommandeInColis NbProducts IdProd1 QtyProd1 IdProd2 QtyProd2 ...
49 33 13 4 1 103 1 200 1 223 1 228 1 421 1 241 1 244 1 282 1 298 1 305 1 305 1 571 1
50 9 73 250 1 127 1 166 1 556 1 183 1 254 1 200 1 200 1 255 1 203 1 256 1 256 1 256 1 205 1 205 1 257 1 257 1 257 1 210 1 259 1 259 1 211 1 211 1 434 1 215 1 260 1 216 1 261 1 261 1 219 1 219 1 267 1 223 1 223 1 223 1 262 1 228 1 268 1 268 1 229 1 264 1 240 1 240 1 523 1 523 1 523 1 241 1 265 1 243 1 275 1 275 1 244 1 244 1 244 1 494 1 248 1 248 1 248 1 248 1 288 1 276 1 350 1 277 1 289 1 279 1 470 1 281 1 290 1 285 1 353 1 291 1 509 1 294 1
51 32 59 721 1 26 1 32 1 42 1 43 1 44 1 75 1 82 1 89 1 106 1 174 1 119 1 121 1 668 1 182 1 182 1 675 1 185 1 742 1 230 1 744 1 237 1 749 1 238 1 241 1 242 1 429 1 244 1 257 1 257 1 258 1 263 1 264 1 498 1 285 1 289 1 455 1 311 1 503 1 319 1 319 1 322 1 327 1 332 1 332 1 333 1 333 1 337 1 340 1 350 1 351 1 351 1 358 1 365 1 377 1 605 1 403 1 548 1 633 1
52 8 15 601 1 601 1 602 1 634 1 638 1 668 1 768 1 670 1 772 1 707 1 794 1 745 1 795 1 796 1 800 1
53 11 69 490 1 201 1 201 1 207 1 251 1 251 1 209 1 252 1 252 1 210 1 432 1 211 1 254 1 215 1 557 1 218 1 255 1 219 1 256 1 256 1 256 1 221 1 259 1 259 1 222 1 260 1 224 1 261 1 225 1 265 1 265 1 265 1 265 1 230 1 558 1 558 1 232 1 267 1 267 1 233 1 268 1 268 1 234 1 270 1 236 1 236 1 438 1 438 1 238 1 238 1 271 1 240 1 559 1 241 1 275 1 275 1 242 1 439 1 439 1 243 1 287 1 245 1 501 1 501 1 246 1 246 1 289 1 289 1 292 1
54 1 69 282 1 293 1 284 1 363 1 294 1 386 1 297 1 511 1 511 1 298 1 388 1 299 1 391 1 300 1 393 1 393 1 302 1 536 1 305 1 305 1 305 1 403 1 403 1 309 1 309 1 516 1 516 1 312 1 408 1 408 1 314 1 538 1 315 1 315 1 410 1 319 1 517 1 321 1 434 1 327 1 327 1 539 1 539 1 539 1 328 1 518 1 329 1 546 1 331 1 547 1 333 1 460 1 337 1 549 1 341 1 341 1 341 1 341 1 550 1 346 1 346 1 551 1 348 1 553 1 553 1 351 1 554 1 353 1 555 1
//IdTournes NbColis
10 6
//IdColis IdCommandeInColis NbProducts IdProd1 QtyProd1 IdProd2 QtyProd2 ...
55 16 66 200 1 200 1 200 1 2 1 203 1 34 1 204 1 47 1 206 1 77 1 210 1 78 1 211 1 211 1 105 1 212 1 121 1 121 1 225 1 123 1 229 1 183 1 232 1 192 1 234 1 237 1 243 1 244 1 249 1 249 1 253 1 266 1 267 1 268 1 268 1 275 1 275 1 278 1 287 1 289 1 289 1 290 1 294 1 295 1 297 1 298 1 299 1 304 1 304 1 308 1 308 1 314 1 319 1 322 1 322 1 326 1 327 1 331 1 340 1 341 1 345 1 349 1 350 1 363 1 365 1 407 1
56 10 66 253 1 125 1 257 1 192 1 260 1 260 1 200 1 200 1 200 1 435 1 203 1 261 1 261 1 205 1 205 1 205 1 267 1 207 1 265 1 265 1 211 1 211 1 438 1 438 1 217 1 272 1 272 1 222 1 390 1 223 1 223 1 223 1 223 1 223 1 289 1 289 1 228 1 514 1 230 1 292 1 232 1 232 1 399 1 399 1 233 1 295 1 295 1 295 1 238 1 516 1 516 1 240 1 304 1 304 1 242 1 400 1 244 1 244 1 305 1 305 1 305 1 245 1 245 1 544 1 246 1 309 1
57 28 13 416 1 518 1 555 1 570 1 607 1 635 1 635 1 689 1 663 1 693 1 709 1 711 1 717 1
58 28 69 197 1 448 1 205 1 297 1 213 1 304 1 215 1 305 1 305 1 222 1 310 1 223 1 223 1 503 1 503 1 232 1 320 1 233 1 456 1 237 1 237 1 326 1 327 1 528 1 329 1 460 1 341 1 351 1 353 1 532 1 532 1 360 1 533 1 369 1 369 1 370 1 371 1 373 1 472 1 472 1 375 1 378 1 379 1 381 1 511 1 511 1 388 1 388 1 388 1 388 1 389 1 389 1 391 1 513 1 393 1 540 1 397 1 516 1 516 1 400 1 603 1 408 1 408 1 408 1 517 1 517 1 416 1 544 1 569 1
59 6 22 429 1 554 1 496 1 609 1 609 1 609 1 609 1 527 1 635 1 644 1 666 1 675 1 675 1 675 1 676 1 677 1 708 1 776 1 717 1 717 1 784 1 799 1
60 30 26 294 1 575 1 298 1 438 1 489 1 335 1 441 1 441 1 441 1 521 1 505 1 552 1 577 1 553 1 635 1 578 1 578 1 689 1 659 1 697 1 663 1 671 1 706 1 712 1 718 1 719 1
//IdTournes NbColis
11 6
//IdColis IdCommandeInColis NbProducts IdProd1 QtyProd1 IdProd2 QtyProd2 ...
61 29 33 405 1 624 1 406 1 515 1 408 1 540 1 518 1 416 1 567 1 417 1 629 1 421 1 571 1 426 1 604 1 572 1 605 1 576 1 576 1 643 1 630 1 722 1 675 1 675 1 675 1 691 1 677 1 677 1 733 1 709 1 741 1 713 1 743 1
62 12 71 205 1 207 1 210 1 210 1 222 1 224 1 225 1 420 1 232 1 232 1 423 1 237 1 241 1 241 1 242 1 243 1 430 1 430 1 247 1 432 1 254 1 254 1 257 1 257 1 434 1 269 1 272 1 441 1 441 1 441 1 280 1 443 1 282 1 288 1 448 1 289 1 449 1 291 1 295 1 298 1 298 1 299 1 299 1 300 1 452 1 305 1 306 1 307 1 308 1 309 1 309 1 309 1 455 1 311 1 318 1 319 1 320 1 456 1 322 1 323 1 324 1 324 1 325 1 329 1 329 1 334 1 464 1 341 1 531 1 346 1 351 1
63 3 61 790 1 192 1 670 1 196 1 768 1 211 1 782 1 221 1 418 1 237 1 798 1 240 1 419 1 241 1 421 1 243 1 786 1 252 1 258 1 434 1 261 1 262 1 264 1 265 1 265 1 266 1 267 1 276 1 281 1 527 1 282 1 286 1 287 1 287 1 290 1 583 1 305 1 311 1 318 1 320 1 323 1 338 1 563 1 354 1 469 1 365 1 592 1 371 1 371 1 600 1 388 1 388 1 801 1 801 1 476 1 541 1 632 1 555 1 579 1 635 1 687 1
64 19 23 539 1 601 1 546 1 546 1 622 1 548 1 548 1 603 1 578 1 630 1 609 1 691 1 675 1 675 1 675 1 704 1 677 1 677 1 678 1 707 1 684 1 713 1 716 1
65 24 67 271 1 200 1 200 1 200 1 275 1 202 1 276 1 206 1 285 1 207 1 287 1 209 1 288 1 210 1 210 1 210 1 289 1 211 1 449 1 213 1 290 1 233 1 291 1 235 1 295 1 297 1 298 1 515 1 303 1 453 1 304 1 304 1 304 1 516 1 305 1 305 1 583 1 307 1 586 1 586 1 308 1 308 1 314 1 316 1 316 1 318 1 322 1 322 1 325 1 588 1 588 1 326 1 327 1 329 1 334 1 335 1 340 1 343 1 346 1 469 1 353 1 509 1 509 1 358 1 532 1 360 1 360 1
66 10 26 599 1 388 1 388 1 600 1 408 1 408 1 476 1 409 1 802 1 419 1 677 1 423 1 773 1 424 1 681 1 439 1 439 1 489 1 796 1 494 1 522 1 499 1 782 1 500 1 527 1 804 1
//IdTournes NbColis
12 6
//IdColis IdCommandeInColis NbProducts IdProd1 QtyProd1 IdProd2 QtyProd2 ...
67 2 73 260 1 261 1 261 1 261 1 261 1 265 1 265 1 494 1 276 1 441 1 441 1 282 1 360 1 360 1 360 1 291 1 386 1 295 1 511 1 511 1 511 1 511 1 511 1 298 1 389 1 301 1 390 1 304 1 304 1 304 1 304 1 304 1 512 1 305 1 393 1 306 1 306 1 513 1 513 1 308 1 514 1 309 1 309 1 309 1 515 1 310 1 310 1 310 1 310 1 310 1 518 1 518 1 316 1 316 1 455 1 322 1 560 1 325 1 503 1 328 1 328 1 328 1 584 1 334 1 528 1 343 1 343 1 343 1 463 1 463 1 346 1 346 1 357 1
68 9 53 370 1 517 1 371 1 371 1 456 1 373 1 541 1 378 1 464 1 464 1 383 1 530 1 412 1 412 1 472 1 416 1 416 1 569 1 417 1 548 1 419 1 570 1 422 1 555 1 427 1 571 1 571 1 430 1 561 1 431 1 573 1 562 1 578 1 579 1 580 1 581 1 591 1 596 1 599 1 668 1 791 1 675 1 675 1 675 1 792 1 677 1 793 1 706 1 794 1 712 1 741 1 797 1 781 1
69 17 51 316 1 320 1 321 1 322 1 322 1 325 1 325 1 333 1 334 1 340 1 340 1 344 1 351 1 351 1 357 1 360 1 362 1 362 1 365 1 368 1 371 1 371 1 384 1 688 1 408 1 517 1 517 1 410 1 537 1 518 1 661 1 569 1 569 1 603 1 570 1 689 1 572 1 673 1 630 1 690 1 637 1 677 1 691 1 694 1 695 1 704 1 705 1 708 1 710 1 714 1 720 1
70 23 72 205 1 205 1 279 1 259 1 441 1 441 1 260 1 280 1 280 1 262 1 498 1 498 1 264 1 281 1 267 1 267 1 443 1 270 1 284 1 273 1 499 1 274 1 286 1 445 1 288 1 351 1 289 1 446 1 290 1 352 1 352 1 293 1 500 1 296 1 361 1 361 1 298 1 470 1 470 1 304 1 304 1 304 1 304 1 304 1 362 1 305 1 305 1 305 1 509 1 509 1 310 1 437 1 437 1 314 1 556 1 319 1 319 1 494 1 321 1 503 1 323 1 561 1 325 1 325 1 327 1 328 1 329 1 329 1 460 1 341 1 461 1 345 1
71 20 64 439 1 443 1 284 1 285 1 286 1 287 1 449 1 294 1 295 1 298 1 301 1 304 1 305 1 309 1 318 1 319 1 321 1 322 1 322 1 326 1 328 1 328 1 329 1 332 1 464 1 346 1 346 1 466 1 347 1 371 1 371 1 353 1 467 1 360 1 375 1 472 1 381 1 473 1 393 1 395 1 474 1 399 1 544 1 400 1 517 1 517 1 408 1 408 1 408 1 408 1 518 1 409 1 605 1 605 1 475 1 546 1 546 1 538 1 552 1 608 1 688 1 622 1 639 1 662 1
72 22 68 251 1 252 1 254 1 255 1 257 1 257 1 257 1 434 1 265 1 265 1 436 1 267 1 438 1 272 1 272 1 273 1 273 1 274 1 275 1 441 1 284 1 442 1 285 1 445 1 289 1 446 1 297 1 297 1 341 1 299 1 299 1 447 1 301 1 301 1 342 1 305 1 305 1 305 1 448 1 448 1 306 1 347 1 312 1 450 1 314 1 314 1 348 1 348 1 315 1 463 1 317 1 351 1 324 1 591 1 591 1 331 1 331 1 353 1 332 1 332 1 616 1 335 1 355 1 509 1 365 1 365 1 533 1 367 1
//IdTournes NbColis
13 6
//IdColis IdCommandeInColis NbProducts IdProd1 QtyProd1 IdProd2 QtyProd2 ...
73 25 34 403 1 535 1 404 1 648 1 408 1 408 1 408 1 540 1 410 1 410 1 569 1 415 1 415 1 415 1 545 1 421 1 546 1 426 1 548 1 606 1 577 1 577 1 630 1 633 1 635 1 723 1 657 1 699 1 699 1 677 1 700 1 736 1 738 1 741 1
74 11 35 416 1 571 1 417 1 551 1 426 1 426 1 482 1 428 1 605 1 605 1 431 1 486 1 441 1 554 1 554 1 488 1 574 1 498 1 630 1 527 1 578 1 608 1 631 1 609 1 609 1 632 1 632 1 675 1 743 1 710 1 777 1 748 1 803 1 803 1 806 1
75 25 75 493 1 235 1 279 1 237 1 237 1 443 1 443 1 281 1 494 1 282 1 496 1 285 1 285 1 497 1 288 1 499 1 297 1 298 1 298 1 302 1 303 1 305 1 305 1 305 1 310 1 310 1 310 1 310 1 314 1 314 1 314 1 314 1 325 1 327 1 328 1 460 1 343 1 468 1 347 1 347 1 469 1 352 1 352 1 365 1 365 1 365 1 365 1 365 1 355 1 355 1 367 1 356 1 356 1 369 1 358 1 472 1 361 1 361 1 361 1 375 1 379 1 381 1 384 1 470 1 387 1 532 1 389 1 389 1 389 1 471 1 393 1 647 1 401 1 515 1 403 1
76 8 70 241 1 241 1 523 1 242 1 242 1 274 1 274 1 524 1 276 1 276 1 526 1 282 1 283 1 283 1 283 1 283 1 501 1 501 1 284 1 288 1 285 1 285 1 289 1 293 1 298 1 303 1 304 1 304 1 304 1 304 1 304 1 305 1 305 1 305 1 305 1 455 1 313 1 313 1 315 1 316 1 503 1 503 1 320 1 324 1 321 1 326 1 326 1 322 1 322 1 328 1 328 1 329 1 459 1 337 1 460 1 346 1 346 1 394 1 394 1 394 1 394 1 351 1 462 1 352 1 396 1 359 1 529 1 363 1 397 1 364 1
77 27 46 390 1 624 1 393 1 513 1 400 1 567 1 405 1 405 1 543 1 407 1 626 1 408 1 408 1 408 1 546 1 416 1 477 1 570 1 547 1 629 1 552 1 577 1 553 1 553 1 633 1 554 1 554 1 578 1 555 1 636 1 637 1 752 1 661 1 753 1 675 1 754 1 714 1 756 1 749 1 758 1 763 1 764 1 766 1 781 1 783 1 784 1
78 11 69 247 1 247 1 291 1 291 1 249 1 276 1 293 1 279 1 294 1 283 1 283 1 295 1 285 1 297 1 298 1 298 1 298 1 299 1 300 1 453 1 301 1 303 1 304 1 304 1 305 1 305 1 306 1 306 1 460 1 313 1 332 1 332 1 314 1 314 1 334 1 316 1 336 1 319 1 319 1 319 1 562 1 320 1 464 1 324 1 505 1 325 1 325 1 502 1 326 1 326 1 503 1 503 1 328 1 588 1 588 1 329 1 612 1 612 1 343 1 467 1 347 1 614 1 614 1 349 1 508 1 351 1 470 1 354 1 390 1
//IdTournes NbColis
14 6
//IdColis IdCommandeInColis NbProducts IdProd1 QtyProd1 IdProd2 QtyProd2 ...
79 27 70 495 1 234 1 279 1 236 1 282 1 447 1 447 1 285 1 287 1 501 1 288 1 448 1 289 1 293 1 295 1 295 1 295 1 298 1 299 1 452 1 304 1 304 1 335 1 305 1 305 1 453 1 453 1 309 1 309 1 338 1 315 1 504 1 319 1 319 1 505 1 324 1 506 1 326 1 326 1 507 1 327 1 517 1 517 1 328 1 328 1 586 1 329 1 610 1 331 1 611 1 349 1 564 1 353 1 613 1 365 1 365 1 532 1 369 1 369 1 591 1 372 1 533 1 377 1 617 1 617 1 380 1 619 1 381 1 621 1 389 1
80 2 65 585 1 357 1 470 1 367 1 531 1 531 1 531 1 370 1 370 1 586 1 586 1 373 1 587 1 375 1 375 1 588 1 379 1 589 1 381 1 381 1 381 1 590 1 397 1 397 1 397 1 545 1 545 1 401 1 592 1 592 1 592 1 403 1 403 1 546 1 408 1 408 1 408 1 408 1 408 1 598 1 410 1 553 1 414 1 572 1 425 1 477 1 554 1 642 1 642 1 577 1 608 1 580 1 650 1 609 1 651 1 637 1 637 1 652 1 762 1 675 1 675 1 675 1 705 1 677 1 717 1
81 29 69 224 1 224 1 280 1 233 1 281 1 284 1 447 1 447 1 285 1 287 1 288 1 289 1 289 1 289 1 294 1 294 1 298 1 298 1 298 1 452 1 301 1 453 1 304 1 306 1 306 1 307 1 308 1 315 1 316 1 318 1 503 1 320 1 322 1 322 1 323 1 324 1 324 1 328 1 505 1 340 1 530 1 341 1 343 1 531 1 346 1 346 1 379 1 358 1 358 1 358 1 380 1 380 1 359 1 385 1 371 1 371 1 371 1 532 1 373 1 373 1 471 1 471 1 386 1 534 1 391 1 622 1 394 1 513 1 409 1
82 21 37 463 1 353 1 464 1 354 1 465 1 365 1 468 1 369 1 469 1 373 1 470 1 381 1 471 1 383 1 475 1 401 1 403 1 476 1 408 1 654 1 512 1 658 1 516 1 540 1 568 1 546 1 660 1 548 1 570 1 551 1 663 1 553 1 664 1 635 1 670 1 679 1 684 1
83 19 69 253 1 254 1 254 1 256 1 257 1 257 1 257 1 258 1 433 1 262 1 273 1 273 1 275 1 275 1 275 1 275 1 277 1 277 1 282 1 287 1 448 1 290 1 449 1 449 1 298 1 454 1 303 1 304 1 308 1 322 1 322 1 324 1 324 1 457 1 328 1 460 1 333 1 462 1 334 1 335 1 342 1 375 1 346 1 357 1 380 1 358 1 470 1 470 1 368 1 617 1 386 1 386 1 595 1 394 1 394 1 394 1 511 1 399 1 640 1 403 1 403 1 516 1 516 1 404 1 538 1 468 1 476 1 472 1 568 1
84 4 56 463 1 350 1 763 1 763 1 353 1 353 1 673 1 359 1 532 1 364 1 791 1 365 1 593 1 368 1 677 1 369 1 622 1 373 1 706 1 378 1 473 1 379 1 683 1 380 1 380 1 380 1 779 1 381 1 381 1 601 1 389 1 389 1 475 1 390 1 394 1 649 1 400 1 543 1 401 1 401 1 401 1 686 1 408 1 408 1 476 1 476 1 476 1 410 1 553 1 569 1 554 1 632 1 577 1 577 1 609 1 637 1
//IdTournes NbColis
15 6
//IdColis IdCommandeInColis NbProducts IdProd1 QtyProd1 IdProd2 QtyProd2 ...
85 15 41 336 1 338 1 339 1 341 1 343 1 352 1 359 1 371 1 372 1 374 1 377 1 379 1 380 1 386 1 392 1 397 1 397 1 399 1 400 1 401 1 402 1 403 1 405 1 406 1 408 1 408 1 410 1 655 1 540 1 657 1 546 1 605 1 664 1 643 1 665 1 668 1 672 1 675 1 678 1 678 1 680 1
86 6 73 289 1 289 1 289 1 516 1 290 1 449 1 449 1 292 1 292 1 537 1 294 1 541 1 295 1 542 1 296 1 543 1 297 1 544 1 298 1 298 1 545 1 301 1 453 1 453 1 453 1 303 1 546 1 546 1 304 1 304 1 548 1 548 1 305 1 305 1 305 1 560 1 306 1 309 1 309 1 310 1 310 1 310 1 310 1 311 1 312 1 314 1 315 1 503 1 320 1 326 1 328 1 328 1 460 1 460 1 341 1 341 1 341 1 341 1 562 1 343 1 377 1 344 1 378 1 378 1 378 1 346 1 346 1 346 1 566 1 347 1 380 1 380 1 348 1
87 24 41 594 1 594 1 364 1 595 1 365 1 368 1 373 1 472 1 472 1 375 1 380 1 383 1 600 1 391 1 601 1 394 1 537 1 397 1 538 1 538 1 398 1 541 1 400 1 571 1 403 1 546 1 407 1 606 1 408 1 408 1 578 1 413 1 607 1 415 1 757 1 421 1 706 1 759 1 717 1 776 1 750 1
88 26 60 319 1 456 1 322 1 335 1 505 1 337 1 465 1 348 1 467 1 350 1 508 1 351 1 353 1 354 1 367 1 357 1 369 1 377 1 378 1 380 1 510 1 389 1 474 1 474 1 390 1 390 1 532 1 532 1 391 1 618 1 394 1 533 1 400 1 534 1 403 1 645 1 536 1 593 1 544 1 568 1 546 1 646 1 554 1 578 1 601 1 625 1 607 1 607 1 631 1 608 1 644 1 724 1 671 1 688 1 675 1 725 1 677 1 702 1 726 1 737 1
89 22 42 640 1 371 1 371 1 371 1 371 1 373 1 472 1 381 1 381 1 602 1 602 1 385 1 396 1 515 1 515 1 403 1 539 1 539 1 539 1 406 1 541 1 408 1 476 1 409 1 543 1 453 1 605 1 460 1 460 1 503 1 574 1 608 1 578 1 633 1 583 1 692 1 584 1 694 1 696 1 699 1 701 1 702 1
90 10 68 247 1 401 1 401 1 248 1 248 1 310 1 310 1 310 1 310 1 310 1 249 1 547 1 273 1 322 1 322 1 275 1 403 1 403 1 280 1 325 1 282 1 572 1 327 1 327 1 451 1 329 1 574 1 332 1 453 1 333 1 575 1 337 1 562 1 341 1 463 1 342 1 342 1 576 1 576 1 343 1 343 1 467 1 346 1 563 1 348 1 348 1 469 1 351 1 351 1 577 1 356 1 588 1 358 1 358 1 592 1 361 1 534 1 364 1 365 1 368 1 597 1 371 1 371 1 473 1 378 1 566 1 380 1 408 1
//IdTournes NbColis
16 6
//IdColis IdCommandeInColis NbProducts IdProd1 QtyProd1 IdProd2 QtyProd2 ...
91 14 58 289 1 295 1 296 1 298 1 299 1 301 1 302 1 302 1 304 1 304 1 305 1 305 1 316 1 317 1 319 1 321 1 324 1 328 1 336 1 337 1 342 1 347 1 356 1 358 1 358 1 360 1 360 1 361 1 365 1 367 1 371 1 371 1 375 1 375 1 383 1 674 1 386 1 683 1 397 1 511 1 400 1 539 1 401 1 540 1 403 1 544 1 408 1 476 1 409 1 549 1 576 1 554 1 554 1 554 1 554 1 632 1 580 1 687 1
92 13 62 283 1 283 1 284 1 286 1 294 1 295 1 296 1 304 1 305 1 305 1 310 1 310 1 321 1 325 1 330 1 331 1 341 1 341 1 343 1 343 1 353 1 355 1 364 1 368 1 369 1 381 1 387 1 388 1 390 1 391 1 393 1 394 1 395 1 396 1 397 1 398 1 399 1 400 1 402 1 408 1 408 1 408 1 408 1 410 1 660 1 514 1 514 1 671 1 516 1 516 1 539 1 518 1 518 1 673 1 571 1 677 1 677 1 605 1 605 1 682 1 606 1 686 1
93 6 61 381 1 381 1 351 1 616 1 358 1 469 1 365 1 532 1 367 1 367 1 471 1 369 1 533 1 370 1 370 1 641 1 641 1 371 1 597 1 376 1 472 1 386 1 511 1 388 1 388 1 389 1 389 1 391 1 391 1 393 1 567 1 394 1 394 1 394 1 514 1 396 1 572 1 397 1 397 1 630 1 400 1 552 1 552 1 402 1 573 1 408 1 408 1 408 1 476 1 476 1 412 1 553 1 416 1 416 1 478 1 419 1 577 1 577 1 577 1 427 1 519 1
94 9 70 356 1 295 1 295 1 532 1 298 1 298 1 360 1 301 1 534 1 304 1 304 1 361 1 305 1 565 1 307 1 386 1 308 1 388 1 388 1 388 1 309 1 309 1 475 1 310 1 310 1 310 1 310 1 390 1 317 1 393 1 322 1 322 1 567 1 325 1 325 1 394 1 326 1 326 1 568 1 332 1 332 1 397 1 335 1 335 1 515 1 515 1 341 1 403 1 342 1 537 1 343 1 343 1 408 1 408 1 408 1 408 1 346 1 346 1 346 1 346 1 516 1 516 1 365 1 365 1 365 1 451 1 367 1 538 1 368 1 455 1
95 18 55 322 1 323 1 324 1 325 1 325 1 328 1 331 1 333 1 343 1 346 1 348 1 354 1 364 1 358 1 367 1 369 1 375 1 376 1 378 1 380 1 381 1 382 1 385 1 656 1 391 1 391 1 532 1 392 1 659 1 403 1 403 1 513 1 407 1 662 1 409 1 514 1 669 1 516 1 535 1 535 1 517 1 517 1 517 1 673 1 538 1 568 1 539 1 677 1 540 1 545 1 548 1 606 1 577 1 632 1 609 1
96 12 34 639 1 354 1 354 1 358 1 471 1 471 1 364 1 364 1 365 1 378 1 386 1 386 1 511 1 511 1 391 1 394 1 394 1 538 1 395 1 516 1 400 1 642 1 401 1 548 1 410 1 643 1 554 1 554 1 606 1 606 1 608 1 609 1 634 1 637 1
//IdTournes NbColis
17 4
//IdColis IdCommandeInColis NbProducts IdProd1 QtyProd1 IdProd2 QtyProd2 ...
97 23 64 529 1 529 1 346 1 531 1 531 1 350 1 469 1 373 1 375 1 376 1 376 1 378 1 378 1 379 1 380 1 381 1 382 1 511 1 511 1 389 1 389 1 647 1 396 1 517 1 517 1 400 1 538 1 402 1 567 1 408 1 476 1 410 1 410 1 410 1 540 1 648 1 544 1 649 1 545 1 571 1 546 1 604 1 548 1 548 1 642 1 642 1 551 1 572 1 553 1 553 1 630 1 576 1 609 1 609 1 633 1 653 1 727 1 727 1 663 1 663 1 691 1 671 1 693 1 677 1
98 8 64 463 1 463 1 365 1 514 1 371 1 371 1 371 1 467 1 376 1 376 1 535 1 535 1 380 1 472 1 385 1 509 1 387 1 517 1 390 1 390 1 548 1 391 1 391 1 400 1 616 1 401 1 401 1 401 1 401 1 401 1 553 1 553 1 553 1 403 1 403 1 565 1 406 1 593 1 408 1 408 1 408 1 476 1 476 1 476 1 421 1 566 1 423 1 479 1 479 1 426 1 426 1 555 1 427 1 484 1 447 1 519 1 620 1 580 1 597 1 621 1 598 1 622 1 599 1 600 1
99 16 34 365 1 366 1 369 1 370 1 371 1 373 1 389 1 401 1 391 1 403 1 404 1 406 1 408 1 408 1 409 1 410 1 410 1 661 1 517 1 517 1 539 1 539 1 666 1 546 1 546 1 667 1 548 1 675 1 549 1 676 1 576 1 681 1 577 1 685 1
100 11 74 615 1 357 1 509 1 509 1 358 1 532 1 532 1 532 1 361 1 471 1 471 1 365 1 365 1 365 1 617 1 617 1 369 1 533 1 370 1 618 1 371 1 371 1 594 1 594 1 373 1 373 1 621 1 374 1 377 1 378 1 380 1 381 1 474 1 386 1 386 1 386 1 389 1 389 1 391 1 513 1 393 1 394 1 394 1 625 1 625 1 395 1 514 1 400 1 628 1 402 1 537 1 403 1 403 1 568 1 405 1 538 1 406 1 539 1 408 1 408 1 408 1 408 1 543 1 409 1 569 1 410 1 546 1 546 1 413 1 629 1 415 1 415 1 548 1 571 1

