//NbTournees
4
//IdTournes NbColis
1 6
//IdColis IdCommandeInColis NbProducts IdProd1 QtyProd1 IdProd2 QtyProd2 ...
1 1 38 1 1 2 1 3 1 4 1 5 1 6 1 7 1 10 1 11 1 17 1 18 1 23 1 24 1 25 1 30 1 30 1 32 1 32 1 32 1 33 1 35 1 36 1 38 1 46 1 46 1 46 1 46 1 46 1 41 1 49 1 42 1 51 1 43 1 52 1 44 1 65 1 75 1 101 1
2 5 23 73 1 75 1 75 1 75 1 76 1 77 1 79 1 79 1 79 1 82 1 106 1 106 1 90 1 90 1 90 1 107 1 107 1 94 1 108 1 95 1 116 1 98 1 117 1
3 2 22 66 1 69 1 74 1 75 1 75 1 75 1 76 1 78 1 79 1 79 1 90 1 90 1 92 1 95 1 98 1 105 1 109 1 109 1 114 1 152 1 128 1 155 1
4 1 20 45 1 75 1 75 1 76 1 79 1 79 1 81 1 87 1 90 1 90 1 94 1 98 1 99 1 102 1 107 1 108 1 108 1 109 1 109 1 109 1
5 6 24 67 1 75 1 75 1 75 1 76 1 79 1 79 1 80 1 82 1 83 1 84 1 100 1 100 1 90 1 90 1 101 1 93 1 102 1 95 1 103 1 98 1 104 1 169 1 171 1
6 1 19 115 1 115 1 115 1 121 1 122 1 123 1 127 1 132 1 132 1 135 1 135 1 142 1 142 1 136 1 143 1 137 1 137 1 144 1 139 1
//IdTournes NbColis
2 6
//IdColis IdCommandeInColis NbProducts IdProd1 QtyProd1 IdProd2 QtyProd2 ...
7 4 23 72 1 75 1 75 1 76 1 81 1 88 1 93 1 99 1 101 1 101 1 102 1 105 1 107 1 115 1 115 1 115 1 109 1 110 1 125 1 127 1 129 1 131 1 144 1
8 3 19 91 1 93 1 93 1 96 1 97 1 99 1 100 1 102 1 109 1 110 1 111 1 112 1 113 1 151 1 126 1 127 1 154 1 135 1 135 1
9 1 8 139 1 145 1 145 1 140 1 146 1 150 1 163 1 163 1
10 5 23 98 1 99 1 99 1 118 1 100 1 101 1 101 1 120 1 120 1 105 1 105 1 109 1 109 1 109 1 124 1 124 1 115 1 115 1 115 1 126 1 127 1 145 1 180 1
11 2 6 153 1 135 1 136 1 158 1 146 1 159 1
12 6 20 99 1 107 1 119 1 109 1 109 1 127 1 115 1 115 1 115 1 128 1 130 1 132 1 132 1 133 1 135 1 135 1 136 1 137 1 137 1 170 1
//IdTournes NbColis
3 6
//IdColis IdCommandeInColis NbProducts IdProd1 QtyProd1 IdProd2 QtyProd2 ...
13 2 49 8 1 9 1 12 1 12 1 13 1 13 1 14 1 15 1 15 1 16 1 19 1 20 1 20 1 20 1 21 1 22 1 22 1 26 1 28 1 30 1 32 1 32 1 32 1 34 1 34 1 34 1 36 1 37 1 37 1 38 1 47 1 47 1 47 1 39 1 39 1 48 1 48 1 48 1 42 1 50 1 43 1 55 1 46 1 46 1 46 1 46 1 46 1 65 1 73 1
14 5 19 127 1 127 1 132 1 132 1 132 1 134 1 145 1 135 1 135 1 135 1 146 1 136 1 150 1 150 1 137 1 137 1 157 1 140 1 181 1
15 4 19 132 1 132 1 135 1 135 1 142 1 142 1 136 1 137 1 137 1 145 1 145 1 139 1 139 1 146 1 140 1 147 1 148 1 150 1 150 1
16 3 6 156 1 146 1 161 1 165 1 166 1 175 1
17 3 41 27 1 6 1 29 1 12 1 12 1 30 1 13 1 13 1 31 1 31 1 15 1 37 1 32 1 32 1 38 1 38 1 34 1 34 1 34 1 39 1 42 1 46 1 46 1 46 1 46 1 46 1 48 1 48 1 48 1 53 1 54 1 58 1 65 1 65 1 75 1 75 1 75 1 85 1 86 1 89 1 168 1
18 6 22 138 1 139 1 140 1 141 1 141 1 142 1 142 1 143 1 144 1 145 1 145 1 146 1 149 1 150 1 160 1 162 1 163 1 163 1 172 1 173 1 177 1 178 1
//IdTournes NbColis
4 5
//IdColis IdCommandeInColis NbProducts IdProd1 QtyProd1 IdProd2 QtyProd2 ...
19 5 24 162 1 162 1 162 1 141 1 141 1 163 1 163 1 142 1 142 1 164 1 143 1 144 1 179 1 182 1 184 1 185 1 186 1 187 1 188 1 189 1 191 1 191 1 192 1 192 1
20 4 29 27 1 6 1 36 1 15 1 15 1 38 1 25 1 41 1 30 1 30 1 44 1 32 1 32 1 45 1 33 1 46 1 46 1 46 1 46 1 46 1 46 1 35 1 57 1 65 1 68 1 70 1 70 1 71 1 75 1
21 5 32 40 1 3 1 41 1 25 1 42 1 42 1 42 1 30 1 30 1 43 1 43 1 32 1 44 1 33 1 45 1 35 1 57 1 38 1 59 1 46 1 46 1 46 1 46 1 46 1 62 1 63 1 64 1 70 1 70 1 75 1 183 1 190 1
22 4 5 163 1 163 1 174 1 175 1 176 1
23 6 33 40 1 18 1 41 1 25 1 42 1 42 1 42 1 30 1 30 1 30 1 43 1 43 1 31 1 44 1 32 1 32 1 32 1 45 1 33 1 56 1 35 1 60 1 38 1 38 1 61 1 46 1 46 1 46 1 46 1 46 1 62 1 65 1 167 1

