//NbTournees
13
//IdTournes NbColis
1 6
//IdColis IdCommandeInColis NbProducts IdProd1 QtyProd1 IdProd2 QtyProd2 ...
1 1 19 1 1 6 1 8 1 10 1 10 1 12 1 13 1 15 1 16 1 18 1 18 1 19 1 19 1 20 1 22 1 25 1 26 1 26 1 31 1
2 1 22 30 1 31 1 31 1 32 1 33 1 36 1 37 1 37 1 43 1 45 1 45 1 46 1 50 1 69 1 69 1 69 1 69 1 63 1 63 1 63 1 63 1 92 1
3 3 19 3 1 4 1 5 1 6 1 6 1 8 1 8 1 13 1 13 1 13 1 14 1 19 1 27 1 24 1 24 1 31 1 31 1 31 1 218 1
4 2 14 2 1 23 1 37 1 37 1 25 1 28 1 40 1 33 1 42 1 44 1 46 1 45 1 47 1 93 1
5 5 15 17 1 21 1 29 1 25 1 25 1 34 1 37 1 37 1 38 1 38 1 39 1 41 1 55 1 55 1 51 1
6 1 11 53 1 71 1 71 1 75 1 75 1 77 1 77 1 78 1 91 1 82 1 92 1
//IdTournes NbColis
2 6
//IdColis IdCommandeInColis NbProducts IdProd1 QtyProd1 IdProd2 QtyProd2 ...
7 4 16 7 1 9 1 11 1 24 1 35 1 25 1 37 1 37 1 38 1 50 1 51 1 52 1 54 1 69 1 82 1 93 1
8 3 9 62 1 53 1 53 1 50 1 65 1 66 1 67 1 69 1 69 1
9 3 17 25 1 28 1 31 1 31 1 56 1 37 1 37 1 60 1 40 1 61 1 42 1 51 1 47 1 48 1 63 1 64 1 260 1
10 1 11 78 1 78 1 78 1 84 1 82 1 92 1 88 1 88 1 93 1 93 1 93 1
11 3 13 68 1 68 1 69 1 70 1 71 1 73 1 75 1 77 1 79 1 78 1 78 1 94 1 87 1
12 2 14 45 1 48 1 49 1 50 1 52 1 57 1 57 1 58 1 74 1 75 1 75 1 75 1 76 1 88 1
//IdTournes NbColis
3 6
//IdColis IdCommandeInColis NbProducts IdProd1 QtyProd1 IdProd2 QtyProd2 ...
13 6 11 25 1 27 1 59 1 37 1 60 1 45 1 45 1 50 1 52 1 75 1 54 1
14 3 7 78 1 78 1 89 1 89 1 83 1 92 1 92 1
15 1 11 81 1 81 1 81 1 93 1 95 1 95 1 96 1 96 1 97 1 100 1 117 1
16 3 7 89 1 80 1 80 1 80 1 80 1 92 1 105 1
17 2 6 78 1 81 1 81 1 85 1 126 1 127 1
18 3 12 81 1 99 1 99 1 99 1 99 1 102 1 93 1 93 1 95 1 110 1 112 1 116 1
//IdTournes NbColis
4 6
//IdColis IdCommandeInColis NbProducts IdProd1 QtyProd1 IdProd2 QtyProd2 ...
19 2 8 72 1 72 1 72 1 76 1 122 1 88 1 132 1 163 1
20 3 12 107 1 113 1 114 1 115 1 115 1 117 1 117 1 117 1 117 1 118 1 119 1 120 1
21 1 14 101 1 117 1 106 1 118 1 113 1 119 1 119 1 115 1 121 1 122 1 124 1 136 1 140 1 260 1
22 6 6 78 1 78 1 85 1 98 1 113 1 198 1
23 6 6 53 1 53 1 80 1 81 1 86 1 128 1
24 5 8 71 1 81 1 85 1 86 1 102 1 99 1 108 1 335 1
//IdTournes NbColis
5 6
//IdColis IdCommandeInColis NbProducts IdProd1 QtyProd1 IdProd2 QtyProd2 ...
25 1 16 129 1 131 1 134 1 137 1 139 1 142 1 143 1 143 1 143 1 143 1 143 1 144 1 144 1 147 1 151 1 151 1
26 5 11 98 1 104 1 106 1 108 1 109 1 110 1 111 1 196 1 113 1 151 1 115 1
27 4 11 53 1 56 1 62 1 83 1 84 1 136 1 139 1 113 1 140 1 115 1 181 1
28 3 5 100 1 84 1 84 1 84 1 267 1
29 6 9 49 1 46 1 66 1 72 1 90 1 92 1 88 1 194 1 218 1
30 1 7 326 1 328 1 328 1 317 1 318 1 318 1 318 1
//IdTournes NbColis
6 6
//IdColis IdCommandeInColis NbProducts IdProd1 QtyProd1 IdProd2 QtyProd2 ...
31 5 9 53 1 53 1 46 1 50 1 66 1 87 1 88 1 103 1 218 1
32 1 26 151 1 152 1 153 1 155 1 156 1 156 1 157 1 158 1 159 1 160 1 160 1 161 1 161 1 162 1 162 1 162 1 162 1 162 1 163 1 163 1 164 1 164 1 167 1 168 1 171 1 260 1
33 6 14 99 1 99 1 107 1 115 1 115 1 144 1 144 1 151 1 151 1 156 1 156 1 153 1 153 1 158 1
34 3 14 123 1 123 1 135 1 136 1 138 1 142 1 142 1 142 1 143 1 143 1 145 1 146 1 146 1 146 1
35 2 16 125 1 130 1 131 1 133 1 194 1 143 1 143 1 195 1 146 1 199 1 155 1 156 1 156 1 158 1 200 1 299 1
36 1 25 170 1 171 1 171 1 177 1 173 1 173 1 173 1 173 1 173 1 178 1 175 1 175 1 179 1 176 1 180 1 203 1 182 1 182 1 184 1 183 1 183 1 183 1 183 1 183 1 266 1
//IdTournes NbColis
7 6
//IdColis IdCommandeInColis NbProducts IdProd1 QtyProd1 IdProd2 QtyProd2 ...
37 4 15 123 1 114 1 115 1 141 1 142 1 155 1 156 1 156 1 157 1 158 1 159 1 160 1 160 1 163 1 173 1
38 3 30 147 1 148 1 149 1 150 1 150 1 150 1 150 1 153 1 153 1 153 1 153 1 153 1 151 1 151 1 151 1 154 1 155 1 156 1 156 1 157 1 158 1 159 1 160 1 160 1 163 1 165 1 165 1 166 1 190 1 279 1
39 5 18 115 1 197 1 131 1 156 1 156 1 158 1 200 1 200 1 159 1 201 1 160 1 163 1 167 1 168 1 174 1 173 1 173 1 206 1
40 2 25 159 1 160 1 163 1 203 1 167 1 204 1 204 1 204 1 204 1 171 1 205 1 172 1 172 1 172 1 176 1 173 1 173 1 173 1 209 1 179 1 179 1 212 1 212 1 212 1 212 1
41 3 20 166 1 166 1 166 1 166 1 167 1 168 1 174 1 172 1 172 1 172 1 172 1 172 1 172 1 172 1 172 1 172 1 175 1 173 1 173 1 176 1
42 1 23 204 1 186 1 186 1 220 1 220 1 187 1 187 1 187 1 187 1 187 1 187 1 187 1 212 1 212 1 212 1 189 1 189 1 189 1 221 1 221 1 221 1 221 1 237 1
//IdTournes NbColis
8 6
//IdColis IdCommandeInColis NbProducts IdProd1 QtyProd1 IdProd2 QtyProd2 ...
43 3 25 213 1 213 1 213 1 213 1 213 1 213 1 213 1 223 1 223 1 223 1 223 1 223 1 223 1 223 1 215 1 224 1 224 1 224 1 224 1 224 1 231 1 231 1 231 1 231 1 231 1
44 1 24 232 1 232 1 249 1 233 1 233 1 233 1 234 1 234 1 234 1 234 1 234 1 250 1 250 1 250 1 235 1 235 1 235 1 235 1 251 1 237 1 237 1 237 1 237 1 237 1
45 3 15 318 1 320 1 320 1 321 1 321 1 321 1 304 1 327 1 329 1 333 1 333 1 336 1 338 1 338 1 342 1
46 1 20 191 1 191 1 209 1 209 1 192 1 211 1 211 1 211 1 193 1 193 1 213 1 213 1 213 1 213 1 213 1 213 1 213 1 225 1 225 1 223 1
47 6 24 202 1 159 1 167 1 160 1 160 1 208 1 208 1 172 1 176 1 173 1 173 1 179 1 179 1 216 1 182 1 191 1 191 1 183 1 183 1 183 1 192 1 185 1 185 1 223 1
48 4 22 167 1 169 1 172 1 172 1 172 1 172 1 173 1 173 1 176 1 179 1 179 1 182 1 183 1 184 1 185 1 186 1 186 1 187 1 187 1 187 1 189 1 267 1
//IdTournes NbColis
9 6
//IdColis IdCommandeInColis NbProducts IdProd1 QtyProd1 IdProd2 QtyProd2 ...
49 2 19 281 1 282 1 295 1 283 1 297 1 299 1 300 1 303 1 304 1 306 1 306 1 309 1 310 1 314 1 316 1 318 1 330 1 332 1 341 1
50 1 23 225 1 225 1 225 1 225 1 225 1 215 1 222 1 222 1 226 1 226 1 223 1 227 1 224 1 224 1 224 1 228 1 229 1 230 1 236 1 236 1 232 1 232 1 271 1
51 3 25 231 1 231 1 219 1 219 1 232 1 232 1 234 1 234 1 234 1 234 1 234 1 234 1 234 1 234 1 234 1 234 1 234 1 234 1 234 1 234 1 233 1 233 1 233 1 233 1 237 1
52 1 23 237 1 252 1 238 1 238 1 238 1 253 1 253 1 253 1 253 1 239 1 239 1 239 1 239 1 247 1 247 1 247 1 240 1 240 1 255 1 242 1 242 1 242 1 246 1
53 6 25 193 1 193 1 186 1 189 1 189 1 211 1 211 1 219 1 214 1 214 1 214 1 220 1 223 1 223 1 223 1 224 1 224 1 224 1 224 1 224 1 224 1 231 1 231 1 231 1 231 1
54 3 26 173 1 173 1 173 1 173 1 173 1 173 1 173 1 179 1 179 1 188 1 181 1 181 1 181 1 183 1 183 1 183 1 183 1 183 1 183 1 183 1 183 1 183 1 183 1 182 1 182 1 265 1
//IdTournes NbColis
10 6
//IdColis IdCommandeInColis NbProducts IdProd1 QtyProd1 IdProd2 QtyProd2 ...
55 2 24 193 1 193 1 217 1 220 1 220 1 219 1 222 1 223 1 223 1 223 1 224 1 224 1 224 1 225 1 232 1 232 1 232 1 248 1 233 1 237 1 237 1 238 1 240 1 241 1
56 4 23 190 1 191 1 191 1 192 1 192 1 193 1 193 1 307 1 224 1 224 1 224 1 224 1 224 1 312 1 239 1 239 1 239 1 239 1 315 1 243 1 243 1 319 1 301 1
57 2 24 212 1 212 1 182 1 182 1 182 1 185 1 185 1 183 1 183 1 183 1 183 1 213 1 184 1 186 1 187 1 187 1 187 1 214 1 191 1 191 1 192 1 192 1 215 1 300 1
58 3 23 185 1 185 1 185 1 185 1 189 1 189 1 189 1 189 1 189 1 189 1 189 1 186 1 186 1 186 1 204 1 204 1 204 1 220 1 220 1 220 1 191 1 209 1 192 1
59 3 22 182 1 182 1 187 1 187 1 187 1 187 1 184 1 184 1 184 1 214 1 214 1 214 1 214 1 214 1 214 1 214 1 214 1 214 1 185 1 185 1 185 1 191 1
60 5 22 176 1 207 1 179 1 179 1 208 1 182 1 183 1 183 1 210 1 186 1 186 1 211 1 211 1 211 1 211 1 187 1 187 1 187 1 214 1 214 1 189 1 189 1
//IdTournes NbColis
11 6
//IdColis IdCommandeInColis NbProducts IdProd1 QtyProd1 IdProd2 QtyProd2 ...
61 1 27 254 1 243 1 243 1 243 1 243 1 257 1 245 1 245 1 245 1 259 1 258 1 258 1 262 1 263 1 263 1 264 1 269 1 272 1 273 1 274 1 275 1 278 1 281 1 283 1 284 1 284 1 291 1
62 3 34 289 1 289 1 289 1 290 1 290 1 290 1 290 1 290 1 293 1 312 1 294 1 313 1 297 1 314 1 298 1 317 1 317 1 299 1 299 1 299 1 299 1 299 1 299 1 299 1 299 1 316 1 300 1 318 1 318 1 318 1 318 1 301 1 301 1 303 1
63 3 23 192 1 211 1 211 1 211 1 211 1 211 1 211 1 211 1 193 1 193 1 212 1 212 1 212 1 212 1 212 1 212 1 212 1 221 1 221 1 213 1 213 1 266 1 300 1
64 6 17 232 1 232 1 237 1 237 1 238 1 239 1 245 1 246 1 246 1 246 1 311 1 287 1 314 1 290 1 290 1 290 1 296 1
65 1 33 285 1 287 1 288 1 291 1 291 1 291 1 291 1 291 1 291 1 292 1 294 1 296 1 296 1 297 1 298 1 299 1 299 1 300 1 300 1 300 1 300 1 301 1 302 1 303 1 303 1 303 1 303 1 324 1 311 1 325 1 312 1 314 1 314 1
66 3 27 233 1 233 1 235 1 249 1 249 1 249 1 237 1 237 1 237 1 237 1 237 1 237 1 237 1 237 1 237 1 237 1 237 1 252 1 252 1 238 1 247 1 239 1 239 1 239 1 239 1 256 1 256 1
//IdTournes NbColis
12 6
//IdColis IdCommandeInColis NbProducts IdProd1 QtyProd1 IdProd2 QtyProd2 ...
67 2 28 241 1 241 1 254 1 254 1 254 1 254 1 243 1 243 1 243 1 243 1 243 1 243 1 243 1 244 1 244 1 258 1 258 1 258 1 258 1 247 1 247 1 292 1 268 1 268 1 293 1 294 1 299 1 301 1
68 3 25 240 1 240 1 240 1 253 1 253 1 253 1 241 1 241 1 241 1 241 1 241 1 241 1 241 1 242 1 242 1 242 1 242 1 242 1 242 1 254 1 254 1 254 1 254 1 243 1 243 1
69 3 25 243 1 243 1 243 1 243 1 261 1 244 1 244 1 244 1 244 1 258 1 258 1 258 1 258 1 258 1 258 1 258 1 245 1 245 1 245 1 245 1 245 1 245 1 245 1 245 1 276 1
70 5 26 189 1 193 1 193 1 191 1 191 1 223 1 223 1 192 1 192 1 233 1 237 1 237 1 237 1 238 1 240 1 241 1 241 1 241 1 242 1 243 1 243 1 243 1 244 1 244 1 244 1 246 1
71 3 30 245 1 262 1 246 1 246 1 246 1 246 1 246 1 246 1 246 1 246 1 246 1 246 1 246 1 263 1 268 1 270 1 277 1 280 1 281 1 281 1 282 1 283 1 286 1 286 1 286 1 289 1 289 1 289 1 308 1 299 1
72 5 16 246 1 246 1 247 1 247 1 247 1 305 1 281 1 289 1 283 1 290 1 331 1 334 1 336 1 337 1 339 1 340 1
//IdTournes NbColis
13 1
//IdColis IdCommandeInColis NbProducts IdProd1 QtyProd1 IdProd2 QtyProd2 ...
73 4 12 245 1 290 1 246 1 246 1 322 1 263 1 323 1 264 1 280 1 280 1 281 1 303 1

