//NbTournees
26
//IdTournes NbColis
1 6
//IdColis IdCommandeInColis NbProducts IdProd1 QtyProd1 IdProd2 QtyProd2 ...
1 1 22 1 1 6 1 9 1 9 1 12 1 13 1 16 1 21 1 23 1 25 1 27 1 28 1 31 1 33 1 44 1 37 1 45 1 39 1 46 1 40 1 47 1 101 1
2 6 26 1 1 4 1 4 1 4 1 5 1 9 1 9 1 10 1 11 1 16 1 20 1 24 1 25 1 25 1 28 1 30 1 31 1 32 1 33 1 33 1 34 1 48 1 39 1 51 1 51 1 40 1
3 25 22 115 1 9 1 9 1 138 1 16 1 16 1 20 1 23 1 23 1 25 1 28 1 143 1 31 1 33 1 33 1 34 1 40 1 40 1 39 1 45 1 46 1 94 1
4 30 16 6 1 9 1 9 1 139 1 16 1 17 1 17 1 141 1 25 1 28 1 31 1 33 1 44 1 45 1 39 1 46 1
5 1 22 40 1 49 1 51 1 57 1 85 1 58 1 145 1 60 1 95 1 63 1 515 1 64 1 66 1 516 1 102 1 102 1 519 1 192 1 447 1 522 1 503 1 525 1
6 16 26 2 1 104 1 9 1 9 1 11 1 11 1 16 1 77 1 22 1 81 1 24 1 25 1 25 1 26 1 26 1 28 1 31 1 33 1 33 1 50 1 35 1 51 1 51 1 36 1 52 1 113 1
//IdTournes NbColis
2 6
//IdColis IdCommandeInColis NbProducts IdProd1 QtyProd1 IdProd2 QtyProd2 ...
7 5 26 1 1 3 1 7 1 9 1 9 1 15 1 16 1 16 1 20 1 22 1 23 1 24 1 25 1 25 1 28 1 31 1 33 1 33 1 34 1 51 1 51 1 39 1 52 1 40 1 53 1 186 1
8 5 26 40 1 43 1 184 1 68 1 68 1 68 1 95 1 145 1 101 1 102 1 102 1 153 1 189 1 195 1 198 1 198 1 200 1 206 1 208 1 214 1 214 1 216 1 217 1 225 1 227 1 238 1
9 39 23 9 1 9 1 10 1 12 1 15 1 16 1 16 1 20 1 24 1 25 1 25 1 28 1 31 1 33 1 33 1 171 1 171 1 34 1 48 1 39 1 51 1 40 1 101 1
10 38 25 165 1 9 1 9 1 11 1 12 1 16 1 16 1 20 1 23 1 24 1 25 1 25 1 28 1 31 1 33 1 33 1 169 1 34 1 171 1 39 1 48 1 40 1 51 1 51 1 186 1
11 2 26 1 1 2 1 7 1 9 1 9 1 16 1 19 1 25 1 26 1 28 1 31 1 33 1 35 1 36 1 37 1 39 1 40 1 40 1 44 1 47 1 51 1 54 1 56 1 65 1 69 1 276 1
12 24 19 115 1 6 1 116 1 9 1 9 1 15 1 15 1 25 1 125 1 28 1 37 1 130 1 45 1 131 1 46 1 50 1 51 1 58 1 102 1
//IdTournes NbColis
3 6
//IdColis IdCommandeInColis NbProducts IdProd1 QtyProd1 IdProd2 QtyProd2 ...
13 12 21 2 1 71 1 9 1 9 1 75 1 25 1 79 1 26 1 80 1 28 1 84 1 35 1 36 1 86 1 51 1 87 1 56 1 57 1 91 1 100 1 102 1
14 21 23 2 1 9 1 9 1 16 1 79 1 19 1 25 1 26 1 28 1 31 1 33 1 84 1 35 1 36 1 87 1 39 1 132 1 40 1 40 1 54 1 56 1 102 1 99 1
15 5 17 232 1 239 1 241 1 241 1 246 1 247 1 250 1 528 1 336 1 446 1 342 1 530 1 530 1 422 1 502 1 470 1 533 1
16 9 22 2 1 73 1 9 1 9 1 79 1 19 1 80 1 25 1 26 1 28 1 83 1 35 1 84 1 36 1 87 1 51 1 54 1 56 1 57 1 89 1 90 1 102 1
17 18 19 2 1 105 1 19 1 79 1 26 1 106 1 106 1 35 1 80 1 36 1 108 1 51 1 87 1 87 1 54 1 56 1 57 1 68 1 99 1
18 19 27 2 1 118 1 9 1 9 1 16 1 123 1 25 1 26 1 28 1 83 1 31 1 33 1 36 1 37 1 128 1 39 1 40 1 40 1 51 1 53 1 133 1 93 1 95 1 97 1 100 1 102 1 196 1
//IdTournes NbColis
4 6
//IdColis IdCommandeInColis NbProducts IdProd1 QtyProd1 IdProd2 QtyProd2 ...
19 22 20 2 1 119 1 18 1 18 1 122 1 26 1 123 1 29 1 124 1 35 1 84 1 36 1 86 1 43 1 46 1 51 1 56 1 57 1 91 1 93 1
20 13 21 2 1 9 1 9 1 13 1 107 1 25 1 79 1 26 1 28 1 111 1 35 1 84 1 36 1 37 1 86 1 51 1 56 1 57 1 102 1 95 1 99 1
21 29 27 4 1 4 1 119 1 9 1 9 1 140 1 16 1 20 1 142 1 25 1 25 1 81 1 28 1 31 1 33 1 33 1 144 1 34 1 148 1 39 1 51 1 51 1 40 1 40 1 59 1 296 1 67 1
22 3 24 1 1 5 1 6 1 8 1 9 1 9 1 11 1 14 1 23 1 23 1 25 1 28 1 29 1 38 1 43 1 45 1 46 1 50 1 51 1 58 1 68 1 68 1 337 1 588 1
23 40 23 9 1 120 1 16 1 77 1 25 1 121 1 28 1 126 1 31 1 168 1 33 1 129 1 129 1 39 1 173 1 40 1 40 1 43 1 49 1 51 1 52 1 175 1 152 1
24 14 19 2 1 13 1 79 1 19 1 26 1 110 1 29 1 84 1 35 1 36 1 37 1 43 1 47 1 51 1 54 1 56 1 57 1 89 1 247 1
//IdTournes NbColis
5 6
//IdColis IdCommandeInColis NbProducts IdProd1 QtyProd1 IdProd2 QtyProd2 ...
25 17 26 2 1 9 1 9 1 16 1 19 1 80 1 25 1 26 1 109 1 28 1 30 1 31 1 33 1 35 1 36 1 87 1 39 1 40 1 40 1 112 1 51 1 54 1 114 1 56 1 551 1 237 1
26 7 23 70 1 6 1 74 1 9 1 9 1 16 1 25 1 28 1 31 1 33 1 37 1 88 1 39 1 40 1 40 1 44 1 45 1 46 1 50 1 51 1 58 1 66 1 307 1
27 26 25 71 1 9 1 13 1 16 1 77 1 25 1 121 1 28 1 126 1 31 1 33 1 127 1 39 1 129 1 49 1 130 1 51 1 146 1 146 1 95 1 134 1 102 1 147 1 152 1 608 1
28 27 23 71 1 6 1 9 1 9 1 13 1 16 1 25 1 28 1 31 1 33 1 87 1 39 1 40 1 40 1 150 1 44 1 45 1 45 1 46 1 46 1 50 1 66 1 255 1
29 41 26 9 1 9 1 16 1 77 1 25 1 79 1 28 1 80 1 31 1 167 1 33 1 143 1 35 1 84 1 39 1 172 1 43 1 86 1 56 1 127 1 127 1 57 1 146 1 146 1 152 1 243 1
30 20 25 2 1 9 1 9 1 16 1 79 1 25 1 26 1 28 1 31 1 33 1 84 1 35 1 36 1 36 1 37 1 86 1 39 1 40 1 40 1 51 1 54 1 56 1 57 1 102 1 229 1
//IdTournes NbColis
6 6
//IdColis IdCommandeInColis NbProducts IdProd1 QtyProd1 IdProd2 QtyProd2 ...
31 23 21 3 1 117 1 37 1 77 1 43 1 120 1 49 1 121 1 51 1 126 1 53 1 127 1 55 1 129 1 130 1 134 1 135 1 136 1 137 1 638 1 243 1
32 31 23 6 1 9 1 9 1 16 1 25 1 28 1 31 1 33 1 144 1 39 1 42 1 85 1 44 1 159 1 45 1 87 1 46 1 146 1 146 1 50 1 161 1 51 1 247 1
33 36 24 6 1 9 1 9 1 16 1 25 1 28 1 31 1 33 1 160 1 37 1 38 1 39 1 40 1 40 1 44 1 45 1 46 1 50 1 51 1 163 1 58 1 102 1 102 1 271 1
34 10 24 2 1 9 1 9 1 78 1 25 1 80 1 26 1 28 1 84 1 35 1 36 1 86 1 51 1 87 1 54 1 56 1 57 1 90 1 93 1 97 1 95 1 99 1 96 1 101 1
35 58 24 70 1 2 1 363 1 19 1 79 1 26 1 365 1 35 1 84 1 36 1 168 1 37 1 54 1 56 1 368 1 93 1 135 1 97 1 99 1 100 1 371 1 195 1 372 1 374 1
36 15 22 2 1 2 1 9 1 9 1 80 1 25 1 26 1 28 1 35 1 36 1 37 1 86 1 43 1 49 1 51 1 56 1 57 1 91 1 93 1 97 1 95 1 220 1
//IdTournes NbColis
7 6
//IdColis IdCommandeInColis NbProducts IdProd1 QtyProd1 IdProd2 QtyProd2 ...
37 11 27 2 1 9 1 9 1 77 1 19 1 79 1 25 1 26 1 28 1 84 1 35 1 36 1 37 1 85 1 51 1 54 1 56 1 93 1 68 1 94 1 95 1 96 1 97 1 98 1 99 1 100 1 102 1
38 32 23 6 1 9 1 9 1 16 1 25 1 28 1 31 1 33 1 87 1 39 1 146 1 146 1 44 1 45 1 46 1 50 1 50 1 51 1 58 1 66 1 60 1 60 1 277 1
39 28 26 4 1 4 1 4 1 13 1 20 1 81 1 24 1 32 1 34 1 37 1 145 1 48 1 148 1 51 1 51 1 151 1 59 1 113 1 100 1 153 1 101 1 154 1 155 1 156 1 157 1 222 1
40 37 23 6 1 9 1 9 1 16 1 25 1 28 1 31 1 33 1 170 1 39 1 87 1 40 1 146 1 44 1 45 1 46 1 50 1 51 1 58 1 66 1 60 1 64 1 238 1
41 2 20 93 1 95 1 340 1 97 1 99 1 102 1 344 1 190 1 613 1 194 1 195 1 196 1 435 1 203 1 455 1 237 1 243 1 507 1 248 1 631 1
42 8 26 70 1 6 1 72 1 11 1 76 1 17 1 81 1 44 1 82 1 45 1 46 1 50 1 51 1 58 1 60 1 92 1 61 1 100 1 62 1 63 1 64 1 66 1 68 1 93 1 94 1 426 1
//IdTournes NbColis
8 6
//IdColis IdCommandeInColis NbProducts IdProd1 QtyProd1 IdProd2 QtyProd2 ...
43 44 25 181 1 2 1 2 1 183 1 26 1 79 1 27 1 191 1 35 1 80 1 37 1 193 1 49 1 86 1 51 1 127 1 54 1 171 1 56 1 194 1 57 1 172 1 58 1 195 1 97 1
44 34 17 6 1 158 1 17 1 125 1 37 1 111 1 44 1 45 1 46 1 50 1 51 1 58 1 66 1 60 1 100 1 64 1 222 1
45 35 17 6 1 141 1 29 1 35 1 37 1 44 1 45 1 46 1 50 1 58 1 100 1 60 1 64 1 66 1 99 1 575 1 222 1
46 45 20 185 1 43 1 75 1 49 1 120 1 51 1 77 1 165 1 88 1 121 1 195 1 126 1 200 1 127 1 172 1 129 1 209 1 130 1 152 1 226 1
47 33 23 6 1 9 1 9 1 25 1 28 1 87 1 44 1 162 1 45 1 46 1 50 1 51 1 58 1 60 1 95 1 64 1 164 1 66 1 100 1 102 1 102 1 187 1 278 1
48 84 24 105 1 43 1 77 1 77 1 49 1 120 1 51 1 121 1 126 1 487 1 129 1 130 1 395 1 134 1 152 1 489 1 188 1 490 1 237 1 355 1 431 1 377 1 491 1 498 1
//IdTournes NbColis
9 6
//IdColis IdCommandeInColis NbProducts IdProd1 QtyProd1 IdProd2 QtyProd2 ...
49 42 21 120 1 35 1 77 1 43 1 121 1 49 1 166 1 51 1 126 1 90 1 127 1 129 1 130 1 174 1 134 1 152 1 136 1 628 1 222 1 222 1 224 1
50 16 26 39 1 40 1 40 1 55 1 48 1 127 1 59 1 112 1 94 1 100 1 95 1 145 1 101 1 511 1 102 1 102 1 148 1 512 1 151 1 153 1 155 1 488 1 156 1 343 1 182 1 603 1
51 4 26 1 1 6 1 17 1 18 1 41 1 42 1 44 1 45 1 46 1 50 1 51 1 58 1 59 1 60 1 61 1 62 1 63 1 64 1 66 1 67 1 69 1 176 1 182 1 187 1 204 1 213 1
52 52 8 195 1 388 1 344 1 441 1 350 1 445 1 446 1 449 1
53 47 5 330 1 340 1 345 1 349 1 350 1
54 70 26 2 1 416 1 26 1 79 1 35 1 80 1 36 1 84 1 37 1 86 1 51 1 56 1 57 1 91 1 93 1 97 1 99 1 100 1 423 1 195 1 425 1 199 1 429 1 237 1 434 1 437 1
//IdTournes NbColis
10 6
//IdColis IdCommandeInColis NbProducts IdProd1 QtyProd1 IdProd2 QtyProd2 ...
55 38 21 40 1 43 1 145 1 68 1 68 1 68 1 68 1 100 1 100 1 95 1 510 1 96 1 101 1 98 1 153 1 102 1 102 1 161 1 155 1 514 1 340 1
56 47 25 195 1 1 1 196 1 9 1 9 1 260 1 23 1 243 1 25 1 261 1 28 1 267 1 51 1 111 1 68 1 95 1 272 1 102 1 102 1 112 1 273 1 154 1 276 1 214 1 343 1
57 76 23 6 1 9 1 9 1 25 1 443 1 28 1 44 1 45 1 46 1 50 1 58 1 60 1 95 1 64 1 102 1 102 1 66 1 447 1 191 1 356 1 377 1 457 1 410 1
58 80 27 465 1 465 1 49 1 77 1 51 1 466 1 91 1 121 1 142 1 126 1 127 1 129 1 366 1 134 1 147 1 152 1 371 1 176 1 372 1 195 1 471 1 210 1 405 1 237 1 307 1 478 1 480 1
59 69 23 2 1 79 1 26 1 84 1 35 1 36 1 37 1 86 1 51 1 128 1 56 1 91 1 93 1 97 1 100 1 420 1 194 1 402 1 195 1 424 1 236 1 265 1 237 1
60 68 28 2 1 165 1 19 1 80 1 26 1 84 1 35 1 36 1 37 1 51 1 54 1 56 1 57 1 93 1 419 1 97 1 99 1 176 1 427 1 181 1 350 1 214 1 380 1 234 1 438 1 236 1 439 1 237 1
//IdTournes NbColis
11 6
//IdColis IdCommandeInColis NbProducts IdProd1 QtyProd1 IdProd2 QtyProd2 ...
61 49 6 388 1 401 1 418 1 402 1 428 1 432 1
62 43 28 177 1 2 1 190 1 6 1 194 1 9 1 9 1 209 1 19 1 212 1 25 1 218 1 26 1 224 1 28 1 229 1 229 1 35 1 83 1 36 1 231 1 51 1 84 1 54 1 237 1 56 1 87 1 57 1
63 65 30 2 1 390 1 26 1 79 1 35 1 392 1 36 1 84 1 51 1 126 1 54 1 86 1 56 1 87 1 57 1 128 1 93 1 396 1 396 1 97 1 399 1 195 1 376 1 222 1 222 1 222 1 230 1 230 1 234 1 236 1
64 83 23 486 1 43 1 77 1 49 1 120 1 51 1 88 1 121 1 90 1 126 1 129 1 130 1 152 1 134 1 488 1 194 1 195 1 453 1 222 1 382 1 234 1 236 1 237 1
65 23 7 573 1 195 1 220 1 542 1 237 1 273 1 248 1
66 62 30 2 1 3 1 79 1 19 1 364 1 26 1 123 1 35 1 84 1 36 1 37 1 51 1 54 1 54 1 56 1 93 1 93 1 63 1 97 1 97 1 99 1 194 1 380 1 220 1 358 1 237 1 384 1 243 1 385 1 248 1
//IdTournes NbColis
12 6
//IdColis IdCommandeInColis NbProducts IdProd1 QtyProd1 IdProd2 QtyProd2 ...
67 88 23 120 1 12 1 77 1 43 1 121 1 49 1 112 1 51 1 126 1 93 1 129 1 130 1 152 1 401 1 195 1 473 1 198 1 503 1 237 1 260 1 243 1 454 1 248 1
68 38 19 192 1 371 1 195 1 352 1 200 1 446 1 205 1 420 1 265 1 517 1 291 1 515 1 633 1 535 1 577 1 538 1 634 1 545 1 636 1
69 51 30 289 1 2 1 220 1 9 1 9 1 291 1 19 1 79 1 25 1 237 1 26 1 270 1 28 1 243 1 35 1 84 1 36 1 301 1 37 1 248 1 51 1 173 1 53 1 303 1 54 1 255 1 56 1 56 1 307 1 93 1
70 46 20 195 1 17 1 75 1 43 1 120 1 49 1 77 1 51 1 262 1 121 1 218 1 125 1 222 1 222 1 126 1 269 1 129 1 230 1 230 1 277 1
71 73 29 415 1 34 1 77 1 43 1 120 1 49 1 88 1 51 1 329 1 121 1 365 1 126 1 127 1 129 1 366 1 152 1 196 1 199 1 210 1 452 1 222 1 222 1 454 1 230 1 455 1 234 1 458 1 236 1 237 1
72 89 29 120 1 13 1 77 1 35 1 121 1 121 1 43 1 126 1 49 1 127 1 51 1 129 1 130 1 152 1 136 1 261 1 222 1 222 1 504 1 230 1 230 1 272 1 234 1 439 1 236 1 276 1 237 1 508 1 305 1
//IdTournes NbColis
13 6
//IdColis IdCommandeInColis NbProducts IdProd1 QtyProd1 IdProd2 QtyProd2 ...
73 90 24 120 1 43 1 77 1 49 1 121 1 51 1 126 1 127 1 129 1 130 1 152 1 134 1 502 1 502 1 195 1 258 1 219 1 432 1 237 1 261 1 449 1 307 1 506 1 507 1
74 63 26 2 1 19 1 26 1 84 1 35 1 36 1 87 1 51 1 128 1 54 1 367 1 56 1 57 1 93 1 97 1 100 1 259 1 190 1 195 1 381 1 237 1 358 1 239 1 385 1 243 1 248 1
75 25 25 43 1 51 1 51 1 132 1 58 1 155 1 60 1 61 1 94 1 64 1 95 1 515 1 100 1 101 1 102 1 102 1 531 1 531 1 191 1 195 1 539 1 239 1 270 1 270 1 378 1
76 77 21 6 1 17 1 87 1 44 1 45 1 46 1 50 1 51 1 58 1 468 1 60 1 62 1 63 1 64 1 377 1 222 1 222 1 222 1 230 1 234 1 236 1
77 85 25 120 1 43 1 77 1 48 1 121 1 49 1 126 1 51 1 129 1 55 1 130 1 134 1 136 1 425 1 185 1 348 1 195 1 492 1 225 1 269 1 237 1 495 1 243 1 497 1 248 1
78 67 32 2 1 389 1 9 1 9 1 25 1 26 1 28 1 36 1 87 1 47 1 47 1 51 1 95 1 97 1 397 1 99 1 102 1 375 1 195 1 293 1 220 1 405 1 237 1 407 1 243 1 408 1 248 1 411 1 255 1 412 1 256 1 413 1
//IdTournes NbColis
14 6
//IdColis IdCommandeInColis NbProducts IdProd1 QtyProd1 IdProd2 QtyProd2 ...
79 50 29 261 1 9 1 9 1 220 1 12 1 264 1 20 1 243 1 24 1 167 1 25 1 25 1 300 1 28 1 253 1 34 1 304 1 36 1 308 1 308 1 37 1 312 1 48 1 145 1 51 1 313 1 53 1 317 1 95 1
80 54 35 1 1 77 1 77 1 51 1 333 1 53 1 85 1 62 1 152 1 341 1 184 1 353 1 194 1 195 1 198 1 357 1 213 1 295 1 222 1 222 1 359 1 230 1 230 1 275 1 234 1 303 1 236 1 360 1 237 1 362 1 241 1 243 1 248 1 283 1 251 1
81 59 28 70 1 43 1 363 1 49 1 77 1 51 1 120 1 88 1 121 1 126 1 127 1 129 1 366 1 134 1 152 1 376 1 220 1 289 1 222 1 222 1 377 1 234 1 307 1 236 1 378 1 237 1 383 1 386 1
82 56 25 1 1 120 1 43 1 77 1 77 1 49 1 121 1 51 1 126 1 129 1 130 1 134 1 336 1 195 1 339 1 222 1 222 1 264 1 230 1 230 1 344 1 234 1 236 1 243 1 248 1
83 61 27 2 1 9 1 9 1 25 1 26 1 28 1 36 1 87 1 51 1 128 1 95 1 97 1 100 1 102 1 373 1 204 1 357 1 223 1 375 1 237 1 377 1 243 1 379 1 248 1 382 1 249 1 387 1
84 53 6 335 1 346 1 347 1 348 1 351 1 355 1
//IdTournes NbColis
15 6
//IdColis IdCommandeInColis NbProducts IdProd1 QtyProd1 IdProd2 QtyProd2 ...
85 50 12 153 1 100 1 323 1 101 1 324 1 102 1 102 1 446 1 198 1 469 1 493 1 494 1
86 48 26 195 1 13 1 268 1 19 1 79 1 26 1 220 1 35 1 84 1 36 1 222 1 222 1 37 1 230 1 230 1 50 1 162 1 51 1 234 1 54 1 236 1 56 1 237 1 89 1 241 1 243 1
87 60 29 2 1 26 1 84 1 35 1 36 1 86 1 51 1 87 1 56 1 57 1 91 1 93 1 369 1 97 1 370 1 99 1 100 1 195 1 220 1 222 1 222 1 358 1 230 1 230 1 234 1 236 1 237 1 243 1 248 1
88 49 32 261 1 2 1 220 1 19 1 79 1 26 1 265 1 35 1 84 1 36 1 222 1 222 1 37 1 275 1 51 1 88 1 54 1 230 1 230 1 56 1 234 1 93 1 236 1 97 1 237 1 99 1 243 1 195 1 248 1 288 1 415 1 417 1
89 72 31 363 1 43 1 88 1 49 1 120 1 51 1 121 1 444 1 126 1 129 1 366 1 134 1 152 1 136 1 188 1 354 1 219 1 219 1 451 1 222 1 222 1 230 1 230 1 234 1 236 1 237 1 243 1 248 1 461 1 326 1 462 1
90 57 25 1 1 120 1 43 1 77 1 49 1 121 1 126 1 127 1 129 1 130 1 152 1 134 1 136 1 178 1 356 1 222 1 222 1 230 1 230 1 234 1 236 1 237 1 243 1 248 1 324 1
//IdTournes NbColis
16 6
//IdColis IdCommandeInColis NbProducts IdProd1 QtyProd1 IdProd2 QtyProd2 ...
91 66 29 2 1 107 1 26 1 84 1 35 1 36 1 86 1 51 1 87 1 56 1 132 1 57 1 91 1 93 1 97 1 403 1 204 1 404 1 222 1 222 1 406 1 230 1 230 1 409 1 234 1 236 1 237 1 243 1 248 1
92 6 33 40 1 52 1 42 1 55 1 145 1 68 1 95 1 153 1 99 1 99 1 155 1 100 1 446 1 101 1 529 1 102 1 102 1 532 1 191 1 195 1 199 1 536 1 213 1 292 1 220 1 538 1 238 1 543 1 239 1 386 1 386 1 544 1 546 1
93 55 27 1 1 329 1 11 1 117 1 58 1 87 1 68 1 330 1 195 1 332 1 196 1 337 1 337 1 206 1 338 1 222 1 342 1 230 1 352 1 234 1 354 1 236 1 358 1 243 1 361 1 255 1 326 1
94 91 30 77 1 35 1 79 1 43 1 80 1 51 1 333 1 56 1 84 1 57 1 86 1 58 1 367 1 91 1 152 1 93 1 524 1 195 1 222 1 222 1 230 1 230 1 234 1 236 1 309 1 237 1 527 1 243 1 279 1 248 1
95 39 21 40 1 52 1 43 1 145 1 95 1 153 1 446 1 102 1 102 1 419 1 195 1 342 1 228 1 518 1 238 1 305 1 239 1 383 1 247 1 449 1 526 1
96 71 32 2 1 26 1 35 1 36 1 87 1 47 1 47 1 128 1 51 1 340 1 65 1 97 1 100 1 422 1 195 1 426 1 220 1 260 1 222 1 222 1 430 1 234 1 291 1 236 1 431 1 237 1 433 1 362 1 435 1 436 1 438 1 440 1
//IdTournes NbColis
17 6
//IdColis IdCommandeInColis NbProducts IdProd1 QtyProd1 IdProd2 QtyProd2 ...
97 64 31 2 1 388 1 19 1 26 1 35 1 36 1 37 1 394 1 51 1 54 1 56 1 57 1 93 1 97 1 99 1 100 1 194 1 208 1 298 1 222 1 222 1 230 1 230 1 234 1 236 1 237 1 410 1 243 1 247 1 248 1 414 1
98 53 36 295 1 1 1 222 1 222 1 49 1 77 1 50 1 120 1 51 1 298 1 121 1 158 1 126 1 224 1 129 1 170 1 130 1 270 1 134 1 147 1 230 1 230 1 152 1 302 1 176 1 234 1 198 1 236 1 217 1 237 1 315 1 243 1 248 1 253 1 331 1 334 1
99 27 28 58 1 60 1 61 1 95 1 63 1 553 1 64 1 64 1 557 1 102 1 102 1 558 1 190 1 190 1 259 1 249 1 431 1 324 1 256 1 376 1 560 1 411 1 476 1 504 1 564 1 506 1 626 1 627 1
100 52 33 290 1 6 1 237 1 9 1 9 1 276 1 25 1 107 1 28 1 238 1 45 1 109 1 46 1 292 1 58 1 243 1 60 1 293 1 61 1 248 1 64 1 95 1 135 1 102 1 102 1 296 1 177 1 297 1 193 1 311 1 316 1 318 1 322 1
101 30 28 37 1 40 1 40 1 50 1 51 1 152 1 58 1 205 1 60 1 294 1 61 1 223 1 62 1 276 1 276 1 64 1 95 1 241 1 100 1 242 1 102 1 102 1 314 1 195 1 285 1 321 1 513 1 378 1
102 7 20 60 1 61 1 62 1 95 1 63 1 136 1 64 1 102 1 102 1 576 1 195 1 346 1 246 1 306 1 502 1 359 1 577 1 507 1 583 1 589 1
//IdTournes NbColis
18 6
//IdColis IdCommandeInColis NbProducts IdProd1 QtyProd1 IdProd2 QtyProd2 ...
103 30 7 420 1 520 1 432 1 472 1 521 1 505 1 523 1
104 33 14 257 1 193 1 259 1 195 1 263 1 219 1 264 1 264 1 255 1 266 1 280 1 283 1 284 1 287 1
105 81 28 465 1 43 1 77 1 49 1 121 1 51 1 126 1 60 1 127 1 129 1 366 1 152 1 179 1 194 1 195 1 475 1 222 1 222 1 436 1 230 1 230 1 479 1 234 1 459 1 236 1 237 1 243 1 248 1
106 86 28 120 1 43 1 77 1 49 1 121 1 51 1 126 1 53 1 129 1 130 1 152 1 134 1 136 1 421 1 187 1 456 1 220 1 295 1 222 1 222 1 230 1 230 1 234 1 236 1 237 1 243 1 248 1 461 1
107 78 29 6 1 144 1 37 1 44 1 45 1 46 1 50 1 51 1 58 1 60 1 62 1 100 1 63 1 64 1 66 1 195 1 197 1 476 1 222 1 222 1 222 1 477 1 230 1 230 1 234 1 236 1 238 1 239 1 482 1
108 48 7 93 1 97 1 282 1 99 1 248 1 501 1 505 1
//IdTournes NbColis
19 6
//IdColis IdCommandeInColis NbProducts IdProd1 QtyProd1 IdProd2 QtyProd2 ...
109 31 20 58 1 90 1 60 1 62 1 135 1 64 1 95 1 67 1 102 1 102 1 184 1 535 1 314 1 357 1 472 1 360 1 377 1 540 1 476 1 549 1
110 29 28 149 1 95 1 154 1 100 1 238 1 101 1 155 1 102 1 102 1 299 1 195 1 195 1 305 1 305 1 197 1 306 1 239 1 289 1 309 1 469 1 355 1 375 1 534 1 380 1 538 1 538 1 381 1 543 1
111 74 27 117 1 45 1 77 1 49 1 120 1 51 1 87 1 121 1 126 1 129 1 130 1 152 1 450 1 205 1 456 1 222 1 222 1 230 1 230 1 459 1 234 1 236 1 237 1 243 1 460 1 247 1 248 1
112 79 32 6 1 463 1 44 1 159 1 46 1 467 1 50 1 51 1 53 1 58 1 60 1 62 1 99 1 64 1 67 1 470 1 181 1 472 1 195 1 260 1 226 1 437 1 255 1 287 1 256 1 312 1 410 1 438 1 481 1 483 1 483 1 484 1
113 75 24 389 1 43 1 77 1 51 1 442 1 127 1 152 1 369 1 197 1 257 1 222 1 222 1 448 1 230 1 230 1 266 1 234 1 449 1 236 1 453 1 237 1 309 1 243 1 248 1
114 17 17 57 1 550 1 93 1 95 1 97 1 100 1 556 1 102 1 559 1 195 1 561 1 309 1 243 1 379 1 248 1 568 1 440 1
//IdTournes NbColis
20 6
//IdColis IdCommandeInColis NbProducts IdProd1 QtyProd1 IdProd2 QtyProd2 ...
115 36 28 60 1 61 1 95 1 64 1 100 1 605 1 183 1 420 1 195 1 195 1 613 1 199 1 199 1 376 1 200 1 614 1 207 1 265 1 454 1 382 1 304 1 615 1 324 1 408 1 542 1 481 1 588 1 624 1
116 43 13 243 1 60 1 128 1 64 1 93 1 248 1 95 1 251 1 97 1 252 1 100 1 102 1 421 1
117 3 31 60 1 571 1 571 1 571 1 61 1 572 1 64 1 95 1 102 1 102 1 573 1 195 1 472 1 203 1 449 1 220 1 220 1 290 1 237 1 278 1 238 1 579 1 241 1 358 1 313 1 379 1 327 1 543 1 546 1 595 1 599 1
118 87 26 120 1 43 1 77 1 49 1 121 1 88 1 126 1 129 1 130 1 152 1 136 1 492 1 190 1 194 1 222 1 222 1 230 1 230 1 409 1 234 1 509 1 236 1 237 1 243 1 248 1 322 1
119 37 17 488 1 64 1 95 1 554 1 100 1 102 1 102 1 566 1 195 1 198 1 376 1 276 1 296 1 568 1 314 1 383 1 405 1
120 21 13 93 1 95 1 97 1 100 1 259 1 190 1 503 1 237 1 266 1 243 1 621 1 248 1 314 1
//IdTournes NbColis
21 6
//IdColis IdCommandeInColis NbProducts IdProd1 QtyProd1 IdProd2 QtyProd2 ...
121 82 13 485 1 63 1 90 1 367 1 194 1 491 1 195 1 195 1 496 1 221 1 407 1 277 1 499 1
122 41 12 91 1 93 1 552 1 95 1 102 1 562 1 237 1 375 1 378 1 248 1 318 1 570 1
123 44 21 93 1 202 1 210 1 99 1 220 1 222 1 222 1 223 1 230 1 230 1 234 1 236 1 237 1 243 1 248 1 391 1 393 1 395 1 398 1 400 1 401 1
124 14 13 93 1 97 1 99 1 400 1 194 1 195 1 205 1 544 1 237 1 301 1 243 1 248 1 284 1
125 40 12 95 1 130 1 102 1 134 1 187 1 537 1 228 1 379 1 237 1 547 1 248 1 548 1
126 35 24 574 1 195 1 352 1 200 1 400 1 222 1 222 1 292 1 230 1 230 1 270 1 234 1 374 1 236 1 561 1 242 1 428 1 470 1 470 1 580 1 491 1 581 1 592 1 600 1
//IdTournes NbColis
22 6
//IdColis IdCommandeInColis NbProducts IdProd1 QtyProd1 IdProd2 QtyProd2 ...
127 9 28 93 1 95 1 97 1 99 1 100 1 635 1 192 1 428 1 428 1 195 1 429 1 214 1 261 1 223 1 580 1 237 1 262 1 243 1 474 1 248 1 265 1 437 1 281 1 314 1 639 1 506 1 508 1 643 1
128 22 22 514 1 336 1 97 1 555 1 99 1 423 1 182 1 346 1 204 1 563 1 222 1 222 1 451 1 230 1 230 1 567 1 234 1 236 1 237 1 243 1 247 1 248 1
129 24 28 102 1 60 1 61 1 95 1 63 1 100 1 64 1 578 1 194 1 258 1 195 1 524 1 229 1 229 1 266 1 436 1 473 1 438 1 536 1 461 1 479 1 582 1 591 1 593 1 594 1 596 1 598 1 601 1
130 19 21 177 1 178 1 179 1 180 1 188 1 192 1 192 1 197 1 199 1 203 1 205 1 207 1 215 1 215 1 220 1 233 1 237 1 243 1 244 1 245 1 248 1
131 32 26 604 1 61 1 62 1 95 1 63 1 64 1 606 1 102 1 102 1 610 1 194 1 195 1 357 1 219 1 219 1 583 1 241 1 255 1 358 1 308 1 543 1 324 1 411 1 625 1 626 1 627 1
132 46 14 130 1 134 1 152 1 234 1 236 1 237 1 279 1 243 1 248 1 285 1 286 1 500 1 333 1 455 1
//IdTournes NbColis
23 6
//IdColis IdCommandeInColis NbProducts IdProd1 QtyProd1 IdProd2 QtyProd2 ...
133 16 28 340 1 340 1 195 1 198 1 350 1 199 1 372 1 232 1 446 1 237 1 374 1 241 1 573 1 248 1 455 1 284 1 523 1 612 1 537 1 613 1 543 1 583 1 546 1 616 1 595 1 617 1 619 1 623 1
134 27 4 565 1 569 1 644 1 645 1
135 20 11 93 1 95 1 97 1 99 1 377 1 303 1 237 1 275 1 243 1 526 1 248 1
136 18 19 571 1 93 1 96 1 96 1 97 1 100 1 195 1 585 1 222 1 222 1 590 1 230 1 230 1 234 1 236 1 237 1 362 1 248 1 280 1
137 4 19 201 1 201 1 219 1 221 1 222 1 222 1 222 1 228 1 230 1 230 1 234 1 235 1 236 1 240 1 241 1 242 1 249 1 255 1 256 1
138 34 16 63 1 607 1 176 1 502 1 195 1 609 1 198 1 222 1 222 1 230 1 230 1 620 1 234 1 621 1 236 1 253 1
//IdTournes NbColis
24 6
//IdColis IdCommandeInColis NbProducts IdProd1 QtyProd1 IdProd2 QtyProd2 ...
139 13 23 91 1 93 1 97 1 426 1 195 1 257 1 207 1 427 1 214 1 448 1 237 1 276 1 276 1 243 1 384 1 248 1 309 1 251 1 565 1 483 1 483 1 483 1 622 1
140 15 10 102 1 192 1 354 1 194 1 195 1 476 1 618 1 237 1 243 1 248 1
141 92 7 43 1 195 1 222 1 222 1 230 1 234 1 236 1
142 25 3 541 1 405 1 545 1
143 51 15 256 1 95 1 310 1 97 1 319 1 99 1 320 1 102 1 325 1 193 1 326 1 327 1 328 1 367 1 402 1
144 28 30 446 1 184 1 350 1 185 1 553 1 199 1 265 1 222 1 222 1 538 1 223 1 378 1 230 1 230 1 584 1 234 1 408 1 236 1 507 1 238 1 238 1 586 1 586 1 239 1 587 1 283 1 481 1 597 1 548 1 602 1
//IdTournes NbColis
25 6
//IdColis IdCommandeInColis NbProducts IdProd1 QtyProd1 IdProd2 QtyProd2 ...
145 45 13 211 1 229 1 237 1 243 1 248 1 249 1 253 1 254 1 464 1 469 1 473 1 473 1 474 1
146 29 2 542 1 496 1
147 8 31 470 1 470 1 470 1 188 1 193 1 503 1 195 1 474 1 222 1 222 1 222 1 261 1 230 1 230 1 637 1 234 1 269 1 236 1 295 1 241 1 434 1 255 1 299 1 538 1 304 1 587 1 313 1 498 1 641 1 641 1 642 1
148 12 20 93 1 95 1 97 1 99 1 193 1 194 1 265 1 219 1 269 1 224 1 631 1 237 1 526 1 243 1 248 1 326 1 326 1 255 1 285 1 285 1
149 26 15 136 1 198 1 503 1 224 1 377 1 237 1 277 1 243 1 243 1 450 1 248 1 406 1 611 1 599 1 618 1
150 10 17 102 1 103 1 474 1 237 1 276 1 276 1 276 1 243 1 436 1 247 1 304 1 304 1 248 1 618 1 287 1 287 1 640 1
//IdTournes NbColis
26 2
//IdColis IdCommandeInColis NbProducts IdProd1 QtyProd1 IdProd2 QtyProd2 ...
151 11 11 258 1 195 1 260 1 237 1 266 1 243 1 270 1 248 1 271 1 274 1 281 1
152 42 18 289 1 607 1 230 1 230 1 377 1 234 1 629 1 236 1 525 1 237 1 630 1 243 1 588 1 248 1 288 1 288 1 632 1 632 1

